-1	5442290	MMVIFRLMR	0
-1	3839720	KEGAFFLYD	0.022489168
-1	2069680	KSRNTTPMM	0.062335523
-1	1415090	VVAFLILPQ	0.086849255
-1	1306380	VGLITCKAF	0.092003005
-1	838843	LRKERLAKL	0.120565219
-1	817918	VIILFQRTF	0.122193971
-1	782441	HKNKFMAIL	0.125053056
-1	758118	TPQFLLQLN	0.127089165
-1	719089	VSHLTTLAT	0.13049696
-1	672538	MRTNFLIKF	0.134812097
-1	645109	LRRWGGTCR	0.137496823
-1	616821	SRPQKIWMA	0.140387942
-1	612825	SADSFLLML	0.140806999
-1	594535	SSAMVQVHS	0.142760603
-1	579631	LPAVSSGKN	0.144397506
-1	560000	PLEEELPRL	0.146619012
-1	520734	GAVKYLEGH	0.151306232
-1	513255	ELDHLGLDD	0.152238974
-1	502927	TSFFLWVII	0.153549622
-1	472411	PGPDNSTHN	0.157585523
-1	457541	NIKRTLAAM	0.159647642
-1	436685	NCSSISIKL	0.162655718
-1	424708	DTGEESASS	0.164448804
-1	407550	LIEWAMEKS	0.16710767
-1	395210	TELRTFSIL	0.169090064
-1	386631	VVFSTSDGK	0.170505082
-1	378493	HAEQGLIQY	0.171876685
-1	371808	SFTVVSNGA	0.173025642
-1	360061	VTLRKERLA	0.17509558
-1	355067	SASSGKLGL	0.175996109
-1	351226	RTLAAMPEE	0.176697387
-1	339481	AMPEEETTE	0.17889033
-1	330188	LVRHACRDC	0.180679905
-1	323413	STHNTPVYK	0.182016619
-1	320723	DHLGLDDQE	0.182555141
-1	311009	AVLYYHMMK	0.184538155
-1	304117	NLEHGLFPQ	0.185983015
-1	297500	CINGVCRTV	0.187401369
-1	283027	QGDNDNWWT	0.190616898
-1	280336	AAIGLAWIP	0.191232862
-1	277026	LGVATAHGS	0.191998674
-1	268984	PTLTTPENI	0.193898094
-1	262354	QIIHDFVDK	0.195507226
-1	253489	HKIMASENS	0.197723535
-1	251087	TSSDPGTNT	0.198337404
-1	250000	TEVGQDQYV	0.198617137
-1	247450	ILPWTKISE	0.199278166
-1	244572	TIGEWAFWE	0.200032455
-1	241221	SDMDYHKIL	0.200921976
-1	235796	YVHKAQGTG	0.202388574
-1	232775	LVGVVVSTN	0.203219969
-1	227955	KNISGQSPA	0.204569065
-1	226037	RYQATGFGT	0.205113855
-1	223965	KLIWKVNPE	0.205707606
-1	222448	LESGAVKYL	0.206145811
-1	219906	ELSFTVVSN	0.206886842
-1	215135	LFLRATTEL	0.208301082
-1	213228	RTFSILNRK	0.208875156
-1	212060	WAFWETKKN	0.209229306
-1	209905	IQAFEAGVD	0.209887874
-1	208750	VVSNGAKNI	0.210243631
-1	205793	TTLPSQNST	0.211163477
-1	202443	FAFHKEGAF	0.212221682
-1	199570	STSPQSLTT	0.213143254
-1	196302	KLSYRNKPS	0.214207797
-1	195154	IDQIIHDFV	0.214585967
-1	191398	LPRIALVRL	0.215838986
-1	188827	NLHYWTAQE	0.216710941
-1	187171	RPVILSLPR	0.217278883
-1	185736	VNPGTYVYF	0.217775109
-1	184130	TQETITETA	0.218335035
-1	181252	TNFLIKFLL	0.219350766
-1	179102	FPQLSAIAL	0.220120146
-1	178571.4286	IRQAGVQYS	0.220311432
-1	177326	STSNGLITS	0.220762687
-1	172704	LSLLQLPRD	0.222465536
-1	170667	PTVAPPAPV	0.223230532
-1	169618	SSLPPLESD	0.223628053
-1	167146	PVVLTGGTG	0.224574632
-1	165059	RTNFLIKFL	0.22538475
-1	162993	RSQGPFDAV	0.226196869
-1	161362	AIDFLLQRW	0.226845299
-1	158282	GAFFLYDRL	0.228087878
-1	157261	VATDVPSAT	0.228505127
-1	155402	LSSQMTSTF	0.229271842
-1	151920	HSLSVETIT	0.230732943
-1	147463	LIGIEILNT	0.232652822
-1	145607	YQATGFGTN	0.233469477
-1	144316	VMATEEPTT	0.23404369
-1	143576	IIGTNGNHM	0.234375148
-1	142531	MNHKNKFMA	0.234846143
-1	140197	VSSGKNIKR	0.235910698
-1	137079	ISGQSPART	0.237360833
-1	136066	AGVAGLITG	0.237839072
-1	133036	GEYAPFARL	0.239291084
-1	130674	TFALKKLII	0.240446109
-1	125634	DGIRGFPRC	0.242982117
-1	124511	LQLFLRATT	0.243561035
-1	123101	LMNFHQKKN	0.244295343
-1	121910	AIITPIVFY	0.244922182
-1	121253	NAGQFLSFA	0.245270596
-1	119948	PLGVIHNST	0.245968285
-1	118755	KIMASENSS	0.24661277
-1	117832	KVSGTGPCA	0.247115852
-1	117116	RFKRTSFFL	0.247508831
-1	115275	SMPLGVVTN	0.248530405
-1	114034	MDYHKILTA	0.249228286
-1	113103	QRVIPVYQV	0.249756841
-1	110699	LITGGRRTR	0.251142044
-1	109428	FKAALSSLA	0.251886611
-1	107007	SISIKLTDS	0.253329097
-1	105358	IQVHAEQGL	0.254330417
-1	103534	MMIQTRAAD	0.255456422
-1	102541	GMVPLHIPE	0.256077797
-1	101441	TAWQSVGHM	0.256773191
-1	100498	KAIDFLLRR	0.257375364
-1	100000	SPEGEETII	0.257695656
-1	99416.8	LIIDEVHEH	0.258072779
-1	98403.9	SETAGNNNT	0.258733055
-1	97405.9	NSTLEVTEI	0.259390298
-1	96295.9	QLAKAIITP	0.260129257
-1	95353.9	KLNGAMVEY	0.260763086
-1	94685.7	EDLIEWAME	0.261216496
-1	92883.2	FHKDGAFFL	0.262455732
-1	92592.59259	GITRPTTLV	0.262657776
-1	91603.6	IVKTVLDHI	0.263350153
-1	89937	RPVVLTGGT	0.264534002
-1	88915.7	MEGLSLLQL	0.26527036
-1	87831.2	RGVRLHPLA	0.266061602
-1	86983	QLRGEELSF	0.26668728
-1	85792.4	ATNLEYKTL	0.267575903
-1	84320.1	ASSGKLGLI	0.268691988
-1	83333.33333	DVSRPTTAV	0.269450973
-1	83333.33333	DVSRPTAVV	0.269450973
-1	83237.2	GRRTRREAI	0.269525395
-1	81401.2	IILFQRTFS	0.270963484
-1	80010.6	QHSTTLFKI	0.272074458
-1	78252.7	LLQLNETIY	0.273506838
-1	78125	QSPQPVRVK	0.273612141
-1	78125	NIERQDYRR	0.273612141
-1	78125	WLRAKRKPA	0.273612141
-1	78125	GPIGKLIAV	0.273612141
-1	78125	QTHFPQFYW	0.273612141
-1	78125	KLKHRDGFT	0.273612141
-1	78125	YRHDGGNVL	0.273612141
-1	78125	LPIDKCSRI	0.273612141
-1	78125	NFRAYVDGF	0.273612141
-1	78125	TLNHVLALK	0.273612141
-1	78125	IVSHLRAST	0.273612141
-1	78125	NLFSKNILK	0.273612141
-1	78125	VANRSKQKI	0.273612141
-1	78125	EIKDRILSY	0.273612141
-1	78125	IYRRRDGKW	0.273612141
-1	78125	NMKQCTNDI	0.273612141
-1	78125	EIDVSEVKT	0.273612141
-1	78125	RQRVIPVYQ	0.273612141
-1	78125	VVYHDDDNT	0.273612141
-1	78125	IVLFQRFLR	0.273612141
-1	78125	YTAGNKVDV	0.273612141
-1	78125	QFNFNGHTY	0.273612141
-1	78125	NPDIVIYQY	0.273612141
-1	78125	NASQHPQQV	0.273612141
-1	78125	ETIQKDINI	0.273612141
-1	78125	KKGGDVINY	0.273612141
-1	78125	TTGEWPLII	0.273612141
-1	78125	VTSSGVIYK	0.273612141
-1	78125	AARNIVRRA	0.273612141
-1	78125	RIGTAATKR	0.273612141
-1	78125	LVDKEDTDI	0.273612141
-1	78125	VTSPYTVEW	0.273612141
-1	78125	LENDAIRIY	0.273612141
-1	78125	HLRGFSKSI	0.273612141
-1	78125	AVRHFPRIW	0.273612141
-1	78125	EAFETQSGA	0.273612141
-1	78125	FPPTSFGPL	0.273612141
-1	78125	RPMTYKAAL	0.273612141
-1	78125	DWSGYSGSF	0.273612141
-1	78125	ARAARAAAL	0.273612141
-1	78125	LPRPDTRHL	0.273612141
-1	78125	ISIRPRVTK	0.273612141
-1	78125	ARPKRWLLI	0.273612141
-1	78125	ARYAAAAAL	0.273612141
-1	78125	TPQDLNTML	0.273612141
-1	78125	DVRTLLGLI	0.273612141
-1	78125	DVKASMLEK	0.273612141
-1	78125	VQRTRCKYV	0.273612141
-1	78125	ASLPTTIAK	0.273612141
-1	78125	ASPVAQSYL	0.273612141
-1	78125	DVEKEKFVA	0.273612141
-1	78125	DRFYKTLRA	0.273612141
-1	78125	DRKLRINSL	0.273612141
-1	78125	DRYRARHSL	0.273612141
-1	78125	NVQFVDINR	0.273612141
-1	78125	DTLVKSGLT	0.273612141
-1	78125	DTIESAKTK	0.273612141
-1	78125	TTRAWFDKK	0.273612141
-1	78125	TARPKRWLL	0.273612141
-1	78125	PANINDKQI	0.273612141
-1	78125	VYINHPFIY	0.273612141
-1	78125	QRAAMAAQL	0.273612141
-1	78125	CPPTCPGYR	0.273612141
-1	78125	VAEHRFENM	0.273612141
-1	78125	MWYWGPSLY	0.273612141
-1	78125	RAAVSADPL	0.273612141
-1	78125	RAFTEEGAI	0.273612141
-1	78125	DAYRAIHSL	0.273612141
-1	78125	FPREGVFVF	0.273612141
-1	78125	SASDMQKFT	0.273612141
-1	78125	DEHLRGFSM	0.273612141
-1	78125	TQFNFNGHT	0.273612141
-1	78125	MVIENGILK	0.273612141
-1	78125	FTFGDTALY	0.273612141
-1	78125	RLKPVGSAY	0.273612141
-1	78125	MTIREFPRK	0.273612141
-1	78125	QEKKILMNF	0.273612141
-1	78125	FTSYKRFVT	0.273612141
-1	78125	EVDPIGHLY	0.273612141
-1	78125	TTAQGTSMY	0.273612141
-1	78125	AFVRFSTDK	0.273612141
-1	78125	TPQVPLRPM	0.273612141
-1	78125	AVVKSDNKL	0.273612141
-1	78125	SMTYLYNKY	0.273612141
-1	78125	GAGVLDKDL	0.273612141
-1	78125	PTIEDDKIV	0.273612141
-1	78125	AVMFFPFWF	0.273612141
-1	78125	CIRNASKFV	0.273612141
-1	78125	DAYNIADAA	0.273612141
-1	78125	ERLKIRGSA	0.273612141
-1	78125	RADEEQQQA	0.273612141
-1	78125	YWIREGKII	0.273612141
-1	78125	GAAVTLNRI	0.273612141
-1	78125	DINESMSQM	0.273612141
-1	78125	HPRHYATIM	0.273612141
-1	78125	VVNYDNSTK	0.273612141
-1	78125	AVYGNIKHK	0.273612141
-1	78125	FTELENKKV	0.273612141
-1	78125	VVYRGTTTY	0.273612141
-1	78125	ETGLSASDV	0.273612141
-1	78125	RASTTENAA	0.273612141
-1	78125	HPDIVIYQY	0.273612141
-1	78125	VTKRDESSI	0.273612141
-1	77532.4	LNLSGVNNL	0.274103072
-1	76202.6	SSHPLREPV	0.275218524
-1	74300	DICSKHMDA	0.276848769
-1	73151.2	LEHGLFPQL	0.277853457
-1	72798.5	LYQLLEAVY	0.27816508
-1	72570.4	SSQMTSTFI	0.278367419
-1	72064.8	HHRRTDNDS	0.278818196
-1	70732.8	QVSDVDKLV	0.280021075
-1	70456.7	HPNIEEVAL	0.280273244
-1	69444.44444	KKQKFYALF	0.281206289
-1	69444.44444	GAPERQRLL	0.281206289
-1	69444.44444	DIDEILGIA	0.281206289
-1	69444.44444	IPQCRLTPL	0.281206289
-1	69444.44444	LQGGGPPYG	0.281206289
-1	69444.44444	GILSNYVKT	0.281206289
-1	69444.44444	QASQDVKNW	0.281206289
-1	69444.44444	MPTYIRNTL	0.281206289
-1	69444.44444	TERVRELAV	0.281206289
-1	69444.44444	ILKPRIDKT	0.281206289
-1	69444.44444	MPTDGLVGF	0.281206289
-1	69444.44444	VATDPDADA	0.281206289
-1	69444.44444	FPVKPQVPL	0.281206289
-1	69444.44444	AFDLSHFLK	0.281206289
-1	69444.44444	GELDRWEKI	0.281206289
-1	69444.44444	STLEFSKRT	0.281206289
-1	69444.44444	EGGVGWRHW	0.281206289
-1	69444.44444	DILANRDST	0.281206289
-1	69444.44444	GLSTERVRE	0.281206289
-1	69444.44444	PERQRLLPA	0.281206289
-1	69444.44444	RPRWLDART	0.281206289
-1	69444.44444	ADVRALGGL	0.281206289
-1	69444.44444	PVSTNGKIV	0.281206289
-1	69444.44444	TYPVLEEMF	0.281206289
-1	69444.44444	HPVGEADYF	0.281206289
-1	69444.44444	RPNMSRHHF	0.281206289
-1	69444.44444	ALQGGGPPY	0.281206289
-1	69444.44444	RPMTYKAAV	0.281206289
-1	69444.44444	VPVTTRDSF	0.281206289
-1	69444.44444	SPAIFQSSM	0.281206289
-1	69444.44444	VAASSLLYK	0.281206289
-1	69444.44444	AEMKTDAAT	0.281206289
-1	69444.44444	RPQKRPSCI	0.281206289
-1	69444.44444	SVETITEKT	0.281206289
-1	69444.44444	DAAASSLLY	0.281206289
-1	69444.44444	GPSHKARVL	0.281206289
-1	69444.44444	PTNDHIPVV	0.281206289
-1	69444.44444	WASRELERF	0.281206289
-1	69444.44444	AARAALQGG	0.281206289
-1	69444.44444	RQGLERALL	0.281206289
-1	69444.44444	IPRRIRQGL	0.281206289
-1	69444.44444	RQRNDEIPT	0.281206289
-1	69444.44444	LVTLPVYSK	0.281206289
-1	69444.44444	GMHPRGVHA	0.281206289
-1	69444.44444	ITFALKKLI	0.281206289
-1	69444.44444	STIDGRIVT	0.281206289
-1	69444.44444	STPMTEYII	0.281206289
-1	69444.44444	QIYAGIKVR	0.281206289
-1	69444.44444	RTSKTSLER	0.281206289
-1	69444.44444	ARAALQGGG	0.281206289
-1	69444.44444	RVKEKYQHL	0.281206289
-1	69444.44444	CGDGRRRVY	0.281206289
-1	69444.44444	LTVSFIDET	0.281206289
-1	69444.44444	RVAAVKAPR	0.281206289
-1	69444.44444	KYCWNLLQY	0.281206289
-1	69444.44444	SYNNKEKKW	0.281206289
-1	69444.44444	GQGGSPTAM	0.281206289
-1	69444.44444	AVYGNITHK	0.281206289
-1	69444.44444	MHEDIISLW	0.281206289
-1	68725.19676	CKTILKALG	0.281877558
-1	68098	LFTEQAFYT	0.282468675
-1	67734.7	IILFQKAFS	0.282813571
-1	67395.48325	HINSPFKVI	0.283137278
-1	66778.4	KTFKDESIF	0.283730347
-1	66616	AGPPKAENT	0.283887338
-1	65438.36206	SLDSWWTSL	0.285037335
-1	65072.40079	AALQGGGPP	0.285398925
-1	64531.1	NAAGIAWIP	0.285937506
-1	63975.9	RILGPDCCI	0.286494629
-1	63516.8	GVTGILQLP	0.286958984
-1	63296.21044	TLSRVWGNK	0.287183294
-1	62871.2	GTNGNHMQI	0.287617685
-1	62600.4	RVRAYTYSK	0.287895995
-1	62500	DVHIPKFKV	0.287999486
-1	61639.20909	RYVKQESLM	0.28889366
-1	61092.54462	ELADARRAL	0.289468032
-1	60464.9	EQGLIQYPT	0.29013386
-1	60350.5687	AIKNYYRKT	0.290255891
-1	60046.8	HVGLITCKA	0.290581243
-1	59676.2395	HPEIVIYQY	0.290980368
-1	59450	SHLVEALYL	0.291225267
-1	59156.06554	AVDLSHFLR	0.291544841
-1	57781.27044	FINKLNGAM	0.293060952
-1	57535.91	ITNTKSDNI	0.293335323
-1	57237.4	RTAKVKNEV	0.293670709
-1	56832.86162	AAGAAVKGV	0.294128024
-1	56469.24393	EEMNLPGRW	0.294541866
-1	56160.6	FLRATTELR	0.294895238
-1	56056.06617	RSNNKFTLK	0.295015361
-1	55514.44896	AVNTPVSMT	0.295641359
-1	55350.93035	RADTKILFI	0.295831553
-1	55064.6	KVFLPNPAF	0.296165952
-1	54360.67275	LVESGGGLV	0.296995501
-1	54294.9	ATAHGSTLA	0.29707356
-1	53709.4	HTKIDSMFL	0.297772623
-1	53582.3	FSTLDKITD	0.297925382
-1	53507.31281	RAVKLYRKL	0.298015677
-1	53265	NVGEQYQQL	0.298308325
-1	53199.51827	TSAICSVVR	0.298387637
-1	52857.7	MGVTGILQL	0.298803244
-1	52798.57539	DLTTKNVSI	0.298875405
-1	52634.49507	SANMDWRSL	0.299076086
-1	52472.23	LPHIIDEVI	0.299275163
-1	52083.33333	CVDNHLGAT	0.299754803
-1	51833.32351	DAIKSNNHL	0.300065044
-1	51615.00869	LQFIVFLLL	0.30033718
-1	51571.06231	YITSGKNNM	0.3003921
-1	51288.12124	RTRGPLGIL	0.300746815
-1	51116.30126	PLTGNNTIT	0.300963178
-1	50977.96189	IITGNKVKT	0.301137909
-1	50907.05054	ILKALGPAA	0.301227659
-1	50715.05162	GITRPTTVV	0.301471292
-1	50569.58713	DLNGAQIKL	0.301656492
-1	50247.54365	RKAKIIRDY	0.302068407
-1	50000	ELHPDKWTV	0.302386831
-1	50000	ALTGTEKLI	0.302386831
-1	50000	DLVVSYVNV	0.302386831
-1	50000	DLLVSGSNV	0.302386831
-1	50000	CLTFGRETV	0.302386831
-1	50000	WLLVFACSA	0.302386831
-1	50000	QLGLAANQT	0.302386831
-1	49585.21899	IQETIRSDT	0.302923928
-1	49478.28083	VPRRKAKII	0.30306313
-1	49149.75744	LANERYRSA	0.30349266
-1	48734.46	ELTSNCTRT	0.304039771
-1	48385	KQFDTYNLW	0.304503773
-1	48210.4	SSTNQLRSV	0.304736858
-1	47976.87	KEHVIQNAF	0.305049936
-1	47667.94802	YFPDWQNYT	0.305466436
-1	47419.1	TSQVPKLLL	0.30580391
-1	47309.5	IFGNLSPET	0.305953105
-1	47251.73351	HIIDSFNIR	0.30603188
-1	46731.01284	IAMLKSKNI	0.306746356
-1	46665.83706	DEVEFLGHY	0.306836343
-1	46296.2963	TPTVPSGSF	0.307348951
-1	46075.6113	LAYYNSCML	0.307657028
-1	45522.31505	ETIRSDTFV	0.308435968
-1	45061.50587	ALDLSHFLK	0.309091963
-1	44795.57303	PTPLSPPLR	0.309473597
-1	44638	KLTDSLSSQ	0.309700797
-1	44480.04272	LTPFEKEFT	0.309929357
-1	44056.71105	NAYERMCNT	0.310545933
-1	43752.26065	SAGVGAVAM	0.310993034
-1	43580.9	NETEYLFEV	0.311246056
-1	43424	ALKNNGKVV	0.311478601
-1	43424	RIILNGSLL	0.311478601
-1	43424	STSRVPYDI	0.311478601
-1	43335.95283	VIRHVDGKI	0.311609466
-1	42751.7	QIPSSSPTT	0.312484637
-1	42674.29638	RQSSCKMAL	0.312601478
-1	42285.9	YHMMKDEPV	0.313190985
-1	42171.84386	KAGQYVTIW	0.313365128
-1	41759.56905	ALKRAQSEL	0.313998549
-1	41587.41532	MISTYPGNT	0.314264899
-1	41247.26983	EMKYALINL	0.314794418
-1	41063.7	MNEENRFVT	0.315082006
-1	40810.77434	SGASHNIPV	0.315480362
-1	40662.50304	WTVNDIQKL	0.315715038
-1	40555.35528	DRFFKTLRA	0.315885159
-1	40363.72109	ATAQMALQL	0.316190545
-1	40043.8	FFLYDRLAS	0.316703613
-1	39983.66349	DAINKCVDI	0.316800514
-1	39904.6	QLNDTIHLH	0.316928134
-1	39638.1	ASPMLYQLL	0.317360175
-1	39469.7	GLYKSINVE	0.317634679
-1	39105.4862	RILTIPQSL	0.318232403
-1	39005.40496	EIEEHMRQT	0.318397625
-1	38788.83737	QQKKCKYCI	0.318756608
-1	38737.38089	RPNMSRHLF	0.318842197
-1	38547	QQTNAMVTL	0.319159854
-1	38227.0147	IVSDSKKIM	0.319697312
-1	38112.47515	RIVTLQKVL	0.31989079
-1	37969	TKIDSMFLM	0.320133969
-1	37603.55235	DIRTLLPIL	0.320757547
-1	37590.21988	KAVIEYDDI	0.320780411
-1	37389.33606	TIKISPGIA	0.321125896
-1	37168.81459	AEAQCTEAS	0.321507298
-1	36874.17197	SVAKCCSKT	0.322020443
-1	36483.15528	EVIPMFSAL	0.3227078
-1	36309	MALWMRLLP	0.323016317
-1	36164.24734	KAVYNFATM	0.323273876
-1	36033.07163	RLRPGGKKK	0.323508169
-1	35895.76186	DHQLDPAFR	0.323754333
-1	35774	SISKSNAKC	0.323973413
-1	35483.30974	AVNKSNKPL	0.324499466
-1	35068.94317	IVLPNKVRI	0.325256831
-1	34901.1749	PTSETMYLT	0.32556602
-1	34725.57169	AAAKTPVIV	0.325891245
-1	34659.03931	PIIFGESSI	0.326014895
-1	34245.5	GLRQLANET	0.326788823
-1	34020.69087	RKQQISALF	0.327213478
-1	33783.78378	GVLFMFVLL	0.327664033
-1	33524.59663	LSEADVRAL	0.328160594
-1	33356.64822	KVIKKRVET	0.328484411
-1	33244.79843	STVLFGLSY	0.328700971
-1	33103.30069	STLNFNNLH	0.32897598
-1	32896.71302	AVDPAKAYK	0.329379615
-1	32710.3	LFPQLSAIA	0.329746013
-1	32547.22775	RSASGGVYL	0.330068251
-1	32051.61803	RFAVNPGLL	0.331057601
-1	31982.1	NTIAGVAGL	0.331197597
-1	31573.43474	FPFKYAAAF	0.332026772
-1	31289.1359	LWLTDNTHI	0.332609965
-1	31138.9	YQLLEAVYG	0.332920293
-1	30984.8583	SDYLELDTI	0.333240041
-1	30709.1	FIMLEGETK	0.33381643
-1	30508.22918	EMRELRRQV	0.334239556
-1	30348.21003	LITSAFDLL	0.334578629
-1	30106.26445	LIISTDQDT	0.33509471
-1	30000	PLTINKEEA	0.335322689
-1	29955.1	SQIPSSSPT	0.33541926
-1	29780.90375	TVAPPAPVY	0.335795297
-1	29684.70576	PAHLINKLL	0.336003903
-1	29609.22799	TSIGDKMQK	0.336168051
-1	29348.26352	STKADAVVA	0.336738834
-1	29231.53107	QLFKPLTKK	0.336995797
-1	28845	ATPQDLNTM	0.337854052
-1	28683.4	IDSMFLMTA	0.338216284
-1	28554.81307	PVKTDIVNT	0.338505977
-1	28495.80018	YTLIYRQLT	0.338639364
-1	28383	NQDGLICGL	0.338895097
-1	28175	VAVNGPVAV	0.339369336
-1	28175	STHCSGPSV	0.339369336
-1	28175	MTYTGGVMT	0.339369336
-1	28114.9	EGHGFRFEV	0.339507016
-1	28031.55663	FIKQGFNNL	0.33969843
-1	27933.3968	LIYYQNEVT	0.339924605
-1	27860.8	YQSYSENGM	0.340092391
-1	27700	YLVTRRADV	0.340465594
-1	27669	KFMSNGEHV	0.340537791
-1	27449.1	FGTNETEYL	0.341052261
-1	27167.72745	AIKSNNHLT	0.341716593
-1	27087.27239	NYLKNKKSM	0.341907816
-1	26985.95896	RPFNNILNL	0.342149424
-1	26788	MACLVPAAT	0.342624138
-1	26619.85688	HQRRLVKLL	0.343030115
-1	26583.71313	MQLKIDKLT	0.343117718
-1	26515.17227	IEELRQHLL	0.343284171
-1	26281.3	FLESGAVKY	0.34385539
-1	26205.719	DTDIVNNFI	0.344041079
-1	25856.1	QLANETTQA	0.344907061
-1	25700.91213	DHQAAFQYI	0.345295209
-1	25622.2	YGLVSKFMS	0.345492977
-1	25381.03766	GAITDNGPM	0.346102712
-1	25253.38415	TPTWNRKEL	0.34642781
-1	25000	KLLSKLLCV	0.347078006
-1	25000	AQLLTEFAI	0.347078006
-1	25000	NAPPAYEKL	0.347078006
-1	24845.19975	DINSDNSNI	0.347478481
-1	24763.40162	GAMVEYVST	0.347691106
-1	24571.41751	GARVIWMDA	0.348192917
-1	24324.09716	DLEDLKDQI	0.348845177
-1	23996.34516	LTSVDIETA	0.349719853
-1	23963.59358	NLEKAKQTL	0.349807913
-1	23928.4094	GLLRVGADT	0.349902648
-1	23532.60395	STFSIGGVI	0.350978076
-1	23385.4	NYLFGGFST	0.351382659
-1	23196.92411	IAGLKIEEI	0.35190441
-1	22998.8	TLCDMIKGT	0.35245746
-1	22825.6	NITTAVKTV	0.352944853
-1	22791	LAAVLVVMA	0.353042663
-1	22763.35906	RQGKFIKNK	0.353120906
-1	22575.95513	GALYLGHSA	0.353653913
-1	22454.59941	VTPEYIKDL	0.354001433
-1	22137.76785	MTENVEEDL	0.354917657
-1	21940.2	CLEKVQRQI	0.355495652
-1	21568	QLLEAVYGN	0.356598821
-1	21100.45644	IINAHRIPK	0.358011875
-1	20928.6	GTNETEYLF	0.35853916
-1	20823.05542	VYPTVTAPV	0.358865138
-1	20747.06657	GPKLKQWPL	0.359100858
-1	20481.7	LGADLDAVI	0.359930858
-1	20437.95	SMYSTVATS	0.360068729
-1	20310.6	VAPPAPVYR	0.360471738
-1	20078.73	EVGTNFGTI	0.36121204
-1	20000	QPAGGKAEF	0.36146535
-1	20000	YQRPFGGQS	0.36146535
-1	20000	RYFSVTRPL	0.36146535
-1	20000	ETLDVFGPI	0.36146535
-1	20000	QYDDLHKKF	0.36146535
-1	20000	ETTQALQLF	0.36146535
-1	20000	DFPIFNQRY	0.36146535
-1	20000	NTTQQGDMY	0.36146535
-1	20000	FHGIFYSIF	0.36146535
-1	20000	SEKTHIHIF	0.36146535
-1	20000	YMGLVKKAK	0.36146535
-1	20000	LRNIYETEF	0.36146535
-1	20000	PLYRLSPKK	0.36146535
-1	20000	RSVWIPGRW	0.36146535
-1	20000	STFTFPGIY	0.36146535
-1	20000	RRMGGLRKY	0.36146535
-1	20000	YQSMIRPPY	0.36146535
-1	20000	LQKIPLQWF	0.36146535
-1	20000	PTDYMSSKL	0.36146535
-1	20000	PTKCGENLY	0.36146535
-1	20000	ASSEPHCAL	0.36146535
-1	20000	MEFWLVAAL	0.36146535
-1	20000	QAFEAGIDF	0.36146535
-1	20000	LPRWPPPQL	0.36146535
-1	20000	RKMPHLFSK	0.36146535
-1	20000	NHDGIQAGV	0.36146535
-1	20000	AYDHGNVIL	0.36146535
-1	20000	AADFPGIAR	0.36146535
-1	20000	SSLRYGNVL	0.36146535
-1	20000	LPNRRHHLI	0.36146535
-1	20000	LNWFEIWIV	0.36146535
-1	20000	LQRNWSYGF	0.36146535
-1	20000	YLPYDIFCR	0.36146535
-1	20000	LSEEANWAF	0.36146535
-1	20000	LSSKNNEHY	0.36146535
-1	20000	YLLADTFTI	0.36146535
-1	20000	TPREAPYEL	0.36146535
-1	20000	TPALATRGF	0.36146535
-1	20000	EYKKSLYKF	0.36146535
-1	20000	MAVTAAPYI	0.36146535
-1	20000	TRSFTTHFL	0.36146535
-1	20000	EVKSLFNTV	0.36146535
-1	20000	EVHYSGINY	0.36146535
-1	20000	ETWVETWAF	0.36146535
-1	20000	MKWMMAMKY	0.36146535
-1	20000	ETIGLVRAL	0.36146535
-1	20000	MPIAAAIGT	0.36146535
-1	20000	MQFKLGIPK	0.36146535
-1	20000	TTAEFTVPK	0.36146535
-1	20000	MTRVTNNVY	0.36146535
-1	20000	MYQYIFLSF	0.36146535
-1	20000	NANPDCKTI	0.36146535
-1	20000	ELHNGFTGY	0.36146535
-1	20000	EIAQHGAWY	0.36146535
-1	20000	TTIGEWAFW	0.36146535
-1	20000	EFFDTEPQL	0.36146535
-1	20000	TTLPVNVAF	0.36146535
-1	20000	NSESGNSRY	0.36146535
-1	20000	NTDAFSREY	0.36146535
-1	20000	NYNGLLSSI	0.36146535
-1	20000	DSPIGPIML	0.36146535
-1	20000	TTTDGYAHV	0.36146535
-1	20000	PPQATAKYL	0.36146535
-1	20000	PSDTIHASF	0.36146535
-1	20000	PSEVELEEY	0.36146535
-1	20000	TVFRNQNRV	0.36146535
-1	20000	DLAQDPMLI	0.36146535
-1	20000	DISPTNIPL	0.36146535
-1	20000	TVRPGNKGY	0.36146535
-1	20000	DEKPKVMEG	0.36146535
-1	20000	LLFLEDVEP	0.36146535
-1	20000	QPWTPVSSF	0.36146535
-1	20000	QRNGRIDRY	0.36146535
-1	20000	QTDNDIWFW	0.36146535
-1	20000	CPTLKKGFL	0.36146535
-1	20000	QVQMLINTY	0.36146535
-1	20000	RADSMMLGY	0.36146535
-1	20000	RARKRGITM	0.36146535
-1	20000	RAYAAMHLW	0.36146535
-1	20000	REFYLRVGF	0.36146535
-1	20000	REMGIVDLL	0.36146535
-1	20000	REVFDYLLP	0.36146535
-1	20000	RFRCVGPAP	0.36146535
-1	20000	AYLLQHLDL	0.36146535
-1	20000	VEIKTGFKL	0.36146535
-1	20000	VELGSGNSF	0.36146535
-1	20000	AVMLVHTYY	0.36146535
-1	20000	THFQRKRRV	0.36146535
-1	20000	RLFFIDWEY	0.36146535
-1	20000	AVFDSFVER	0.36146535
-1	20000	AVDADDSHF	0.36146535
-1	20000	ATVVIGTSK	0.36146535
-1	20000	ATNNLGFMY	0.36146535
-1	20000	RLSDPRFSQ	0.36146535
-1	20000	SYVFNFHKY	0.36146535
-1	20000	ASSSNYNTY	0.36146535
-1	20000	ASHFISNSW	0.36146535
-1	20000	ASDDLEHWQ	0.36146535
-1	20000	ARLFGIRAK	0.36146535
-1	20000	LERIKANIF	0.36146535
-1	20000	RPRGHREFC	0.36146535
-1	20000	LEKWNLGII	0.36146535
-1	20000	APPHGGIAF	0.36146535
-1	20000	LEGLADAIW	0.36146535
-1	20000	LEEDIQHFL	0.36146535
-1	20000	LDKGKLWHL	0.36146535
-1	20000	RRRPVTRPL	0.36146535
-1	20000	YRFRFRSVY	0.36146535
-1	20000	RSEVELCIY	0.36146535
-1	20000	LARFPCNVI	0.36146535
-1	20000	RTDNGGWAH	0.36146535
-1	20000	YSDNEMLTH	0.36146535
-1	20000	ALTLNTMTK	0.36146535
-1	20000	WVSRFGERK	0.36146535
-1	20000	RVRQQVIQL	0.36146535
-1	20000	YTGPDHQEW	0.36146535
-1	20000	KYYLAYTSY	0.36146535
-1	20000	YTNYPFLFF	0.36146535
-1	20000	SADPLASLL	0.36146535
-1	20000	WTIGNRAPY	0.36146535
-1	20000	WTEHRQVRY	0.36146535
-1	20000	SEYKAAGYL	0.36146535
-1	20000	SHSIPNGLL	0.36146535
-1	20000	KVRDRNFQL	0.36146535
-1	20000	WTDLFDNKV	0.36146535
-1	20000	AITTSNCAK	0.36146535
-1	20000	KVGVYKMHK	0.36146535
-1	20000	STDDCFANK	0.36146535
-1	20000	VFTSRIQVI	0.36146535
-1	20000	AEIESATLF	0.36146535
-1	20000	VHDREGNEV	0.36146535
-1	20000	SRQRQAIPY	0.36146535
-1	20000	KTTKSWLQK	0.36146535
-1	20000	SSLPSYAAY	0.36146535
-1	20000	VHFRNQVKI	0.36146535
-1	20000	KTPWDRFCK	0.36146535
-1	20000	KTMVAFIRK	0.36146535
-1	20000	VGYVDDTQF	0.36146535
-1	20000	KVFFGPIYY	0.36146535
-1	20000	KVGFIMLFH	0.36146535
-1	20000	VFMDNAFKK	0.36146535
-1	20000	KTDVIDLLY	0.36146535
-1	20000	FMGRLGPEY	0.36146535
-1	20000	KYDDRIQSQ	0.36146535
-1	20000	FPRDPVSTF	0.36146535
-1	20000	KSRQGDTKV	0.36146535
-1	20000	FPSNMMVVT	0.36146535
-1	20000	LAAPCRNAL	0.36146535
-1	20000	LAEQFSGEY	0.36146535
-1	20000	KSLGIDQIW	0.36146535
-1	20000	LATLKDMWK	0.36146535
-1	20000	WQGPSAAAY	0.36146535
-1	20000	KSDPIMLLK	0.36146535
-1	20000	KSCLPACVY	0.36146535
-1	20000	WQFGPSTYY	0.36146535
-1	20000	KRSTPFYTK	0.36146535
-1	20000	KRMMVRHCL	0.36146535
-1	20000	WQFAIHYSF	0.36146535
-1	20000	FQYEHEQTF	0.36146535
-1	20000	YFNTHDVYF	0.36146535
-1	20000	FREVWKQLF	0.36146535
-1	20000	LKEKSSLRY	0.36146535
-1	20000	VAGGTSSVY	0.36146535
-1	20000	FRRVAHSSL	0.36146535
-1	20000	YIDWMVSVP	0.36146535
-1	20000	LLFRMILNY	0.36146535
-1	20000	FSDLCNFLI	0.36146535
-1	20000	FSFFMNENF	0.36146535
-1	20000	LLLLISLVY	0.36146535
-1	20000	KPKLKVATL	0.36146535
-1	20000	FSVQRNLPF	0.36146535
-1	20000	WPRHRRLSI	0.36146535
-1	20000	TTIFFRADK	0.36146535
-1	20000	FTDGVCLFW	0.36146535
-1	20000	TSSDTYACW	0.36146535
-1	20000	LLYEVDGDV	0.36146535
-1	20000	FTFERSKIK	0.36146535
-1	20000	YLGTPNNTY	0.36146535
-1	20000	WPALSSIAA	0.36146535
-1	20000	TRAPAPFPL	0.36146535
-1	20000	KMDVTPLDY	0.36146535
-1	20000	TPVWHVTSA	0.36146535
-1	20000	KLYLRPWWH	0.36146535
-1	20000	VIMWYNYLF	0.36146535
-1	20000	KLWIWIGSQ	0.36146535
-1	20000	LPQTRWQAV	0.36146535
-1	20000	KLVGIELPK	0.36146535
-1	20000	LPWFLDTTI	0.36146535
-1	20000	LQDDFDFNY	0.36146535
-1	20000	VKINIFPLY	0.36146535
-1	20000	LQLTAVFAY	0.36146535
-1	20000	LQRFSVAPM	0.36146535
-1	20000	WLSVIAFGK	0.36146535
-1	20000	KLLARFLFE	0.36146535
-1	20000	LSDDAVVCY	0.36146535
-1	20000	VLKLRFWLI	0.36146535
-1	20000	LSIIFGRSY	0.36146535
-1	20000	VLMKQIPIW	0.36146535
-1	20000	FVFEATKLY	0.36146535
-1	20000	KLDFIRNTK	0.36146535
-1	20000	FHAPPPSVC	0.36146535
-1	20000	FCSNHFTEL	0.36146535
-1	20000	KIRLGFHWK	0.36146535
-1	20000	TPKGPKVKY	0.36146535
-1	20000	KIMDYGKYK	0.36146535
-1	20000	LVTARQKLK	0.36146535
-1	20000	EYYFRNEVF	0.36146535
-1	20000	KIFLHFSIL	0.36146535
-1	20000	EVVGSYIRY	0.36146535
-1	20000	EVPAQYLTY	0.36146535
-1	20000	KGSGKMKTE	0.36146535
-1	20000	KGHLPLLDK	0.36146535
-1	20000	KGFFRVFKK	0.36146535
-1	20000	EVEHRTRVR	0.36146535
-1	20000	KFKPRFAGV	0.36146535
-1	20000	ETRSFTTHF	0.36146535
-1	20000	KELNIGRTF	0.36146535
-1	20000	KELENEYYF	0.36146535
-1	20000	ETIEEPAVE	0.36146535
-1	20000	ETESATLFT	0.36146535
-1	20000	ESEVDDPAM	0.36146535
-1	20000	KEDPGDHIF	0.36146535
-1	20000	ERNEQGQTL	0.36146535
-1	20000	FYQIFPHSL	0.36146535
-1	20000	EQDGITYYL	0.36146535
-1	20000	EPGPSGLLI	0.36146535
-1	20000	KAVRGDLNF	0.36146535
-1	20000	EMSLADYLY	0.36146535
-1	20000	MSQMPPHPY	0.36146535
-1	20000	KAIIDTAQF	0.36146535
-1	20000	MTMRRRLFK	0.36146535
-1	20000	MTRGLLGSY	0.36146535
-1	20000	ELVRKTRFL	0.36146535
-1	20000	IYTVIYYIF	0.36146535
-1	20000	IYTDEVYDY	0.36146535
-1	20000	GEHWLGRIW	0.36146535
-1	20000	NGNFNFERV	0.36146535
-1	20000	NHYLCLNCL	0.36146535
-1	20000	NIMEFCKAY	0.36146535
-1	20000	EIRHRSGIQ	0.36146535
-1	20000	NLMVNEQAA	0.36146535
-1	20000	EIKDTEEAL	0.36146535
-1	20000	EIINNGISY	0.36146535
-1	20000	NMLREGLSP	0.36146535
-1	20000	IVKYKQYLK	0.36146535
-1	20000	EFVSANLAM	0.36146535
-1	20000	IVDCLTEMY	0.36146535
-1	20000	ITWPRTRHW	0.36146535
-1	20000	EEIRRIWRQ	0.36146535
-1	20000	EEDEGEELF	0.36146535
-1	20000	NSDDYTADE	0.36146535
-1	20000	EARGKEKLL	0.36146535
-1	20000	ITMVNSLTY	0.36146535
-1	20000	NTAIFDMLY	0.36146535
-1	20000	NTIEELSGY	0.36146535
-1	20000	WHQARFEEL	0.36146535
-1	20000	DTLKVGNTY	0.36146535
-1	20000	ITCVVIPSK	0.36146535
-1	20000	ITAVNRYFK	0.36146535
-1	20000	GKIKGKYSY	0.36146535
-1	20000	DQFSIPIRY	0.36146535
-1	20000	PLVQQEDDK	0.36146535
-1	20000	DMRKRIEAF	0.36146535
-1	20000	WFGHLASDW	0.36146535
-1	20000	WESGAVLCV	0.36146535
-1	20000	ISKANWMTY	0.36146535
-1	20000	DLPPAIAAE	0.36146535
-1	20000	DLKLVDVKL	0.36146535
-1	20000	ISDPAFKVF	0.36146535
-1	20000	QENEIYTYF	0.36146535
-1	20000	IRTDSGNIL	0.36146535
-1	20000	IRSAEVVSR	0.36146535
-1	20000	IRNLVKRYK	0.36146535
-1	20000	IRHVYHNLK	0.36146535
-1	20000	WAKLLKQKW	0.36146535
-1	20000	QPQQSPQFF	0.36146535
-1	20000	IQVNKGVAY	0.36146535
-1	20000	VYQRGTHPF	0.36146535
-1	20000	CTDKFSQLF	0.36146535
-1	20000	CSEYVKDIY	0.36146535
-1	20000	GLGGDASAY	0.36146535
-1	20000	YPARVKCAL	0.36146535
-1	20000	CLWLLTLGL	0.36146535
-1	20000	QYSGFVRTL	0.36146535
-1	20000	IPVSTNGKI	0.36146535
-1	20000	VWKQLFPEL	0.36146535
-1	20000	RARIKTRLF	0.36146535
-1	20000	IPRNRDNLL	0.36146535
-1	20000	IPRACQKSL	0.36146535
-1	20000	RDYRTISPR	0.36146535
-1	20000	IPFSEGKAL	0.36146535
-1	20000	IPAHPLRML	0.36146535
-1	20000	CHKGWGVSV	0.36146535
-1	20000	REVFYFGKF	0.36146535
-1	20000	VMCIQMKYV	0.36146535
-1	20000	VMKRNFIDF	0.36146535
-1	20000	VVRVRRELL	0.36146535
-1	20000	VMTDGPANK	0.36146535
-1	20000	AYDDAEQMY	0.36146535
-1	20000	AVYSTFLHR	0.36146535
-1	20000	VNRWLFRHL	0.36146535
-1	20000	RIYKTIKQY	0.36146535
-1	20000	VVISKKDTY	0.36146535
-1	20000	VVGADGFGY	0.36146535
-1	20000	VPAMFTAAL	0.36146535
-1	20000	VPAQNAIST	0.36146535
-1	20000	THADVPVVL	0.36146535
-1	20000	VVFEDGLPR	0.36146535
-1	20000	VPPTNSINK	0.36146535
-1	20000	AVAVHDFFK	0.36146535
-1	20000	RLLRMNNEN	0.36146535
-1	20000	ATSGYRIAY	0.36146535
-1	20000	VPRVHNQPQ	0.36146535
-1	20000	VVDKYFDCY	0.36146535
-1	20000	VQIPEKKCF	0.36146535
-1	20000	SYWVRANFK	0.36146535
-1	20000	ATAAATEAY	0.36146535
-1	20000	ASSWAPTQK	0.36146535
-1	20000	VQLQEYDTY	0.36146535
-1	20000	VQTVRTQVY	0.36146535
-1	20000	VRDVVMPAL	0.36146535
-1	20000	VRGGMVAPL	0.36146535
-1	20000	VSANVKGNW	0.36146535
-1	20000	RPLLARMPE	0.36146535
-1	20000	IKWLWKANK	0.36146535
-1	20000	IIYYQLAGY	0.36146535
-1	20000	RPQLGVGDV	0.36146535
-1	20000	VSDGGPNLY	0.36146535
-1	20000	VSDTTVLLH	0.36146535
-1	20000	VSEKYTDMY	0.36146535
-1	20000	RPVFARLPF	0.36146535
-1	20000	GMATGFIGV	0.36146535
-1	20000	RQADILRQF	0.36146535
-1	20000	ANPGRVKDW	0.36146535
-1	20000	AMYDPQTYY	0.36146535
-1	20000	GMHDGTVGK	0.36146535
-1	20000	IHYAGWVSL	0.36146535
-1	20000	RRFNLFNKF	0.36146535
-1	20000	IHKPRPPAT	0.36146535
-1	20000	RRKTNLYGF	0.36146535
-1	20000	IHDHGEQLF	0.36146535
-1	20000	RRRIGEIFK	0.36146535
-1	20000	IGRGKNHAR	0.36146535
-1	20000	IGDKPTCLV	0.36146535
-1	20000	VTLFSNLGY	0.36146535
-1	20000	GMWCVLASR	0.36146535
-1	20000	IFIRTIYYH	0.36146535
-1	20000	GPASLPTAL	0.36146535
-1	20000	YRVRNVQTL	0.36146535
-1	20000	YRYTYRCHR	0.36146535
-1	20000	GPRWPRRMP	0.36146535
-1	20000	RTMPLSRFT	0.36146535
-1	20000	IEDDEIIWV	0.36146535
-1	20000	IEAGDEVFF	0.36146535
-1	20000	RVGIYFGMK	0.36146535
-1	20000	RVIDPYWFH	0.36146535
-1	20000	GRFQEALKK	0.36146535
-1	20000	GRIDKPILK	0.36146535
-1	20000	YTFCGTIEY	0.36146535
-1	20000	RVRQLDESI	0.36146535
-1	20000	IAHVRDVVM	0.36146535
-1	20000	SVVEENTMA	0.36146535
-1	20000	RVYLQGHGY	0.36146535
-1	20000	GRYIVYSSY	0.36146535
-1	20000	GRYSVRYVR	0.36146535
-1	20000	GSEDRDLLY	0.36146535
-1	20000	GSFKEYVFW	0.36146535
-1	20000	GSGDDTWLI	0.36146535
-1	20000	GSRAYRNAL	0.36146535
-1	20000	GSVVASQIF	0.36146535
-1	20000	GTEKLTITY	0.36146535
-1	20000	SEINNLNLT	0.36146535
-1	20000	GTGDSRLTY	0.36146535
-1	20000	ALGGSCHTT	0.36146535
-1	20000	HSNLNDATY	0.36146535
-1	20000	SHDTIGPYY	0.36146535
-1	20000	ALFDTSASL	0.36146535
-1	20000	HSGFIYFGK	0.36146535
-1	20000	HSDAVEDFL	0.36146535
-1	20000	HRIQEELFY	0.36146535
-1	20000	SVKEKDMTK	0.36146535
-1	20000	SVHQFFWFQ	0.36146535
-1	20000	SVDSDHLGY	0.36146535
-1	20000	SLIVKCMPY	0.36146535
-1	20000	SLLFREVWK	0.36146535
-1	20000	STTTCEAGV	0.36146535
-1	20000	GVFPINESF	0.36146535
-1	20000	SLSEPWRDF	0.36146535
-1	20000	STHMENILK	0.36146535
-1	20000	HMNKLPLAK	0.36146535
-1	20000	HLTWSHAGY	0.36146535
-1	20000	HLSGWELAK	0.36146535
-1	20000	GVPELGAFF	0.36146535
-1	20000	SPGDNSAKF	0.36146535
-1	20000	GVRQFSGWM	0.36146535
-1	20000	HLGGFVHAC	0.36146535
-1	20000	VTENKKIQY	0.36146535
-1	20000	SQFNHWFGE	0.36146535
-1	20000	SQLEMCEKY	0.36146535
-1	20000	SQRVEFLEY	0.36146535
-1	20000	SSNPVMSRF	0.36146535
-1	20000	SRDKTIIMW	0.36146535
-1	20000	SRKASNTIL	0.36146535
-1	20000	HADQLTPAW	0.36146535
-1	20000	HAETESATL	0.36146535
-1	20000	AAKKKGASL	0.36146535
-1	20000	SSDLRSWTF	0.36146535
-1	20000	SSEQTFMYY	0.36146535
-1	20000	HEGDIVPLF	0.36146535
-1	20000	HERPVILSL	0.36146535
-1	20000	HFDDVANGF	0.36146535
-1	20000	SSARYDVAL	0.36146535
-1	20000	SRIGAWASK	0.36146535
-1	20000	HHSDDALFI	0.36146535
-1	20000	SQEDNHFSL	0.36146535
-1	20000	GYTPGQQFY	0.36146535
-1	20000	GYSFSIPGY	0.36146535
-1	20000	GYMFESKSM	0.36146535
-1	20000	SPLPITLKY	0.36146535
-1	20000	AENGWGFYF	0.36146535
-1	20000	HKIPDPQGM	0.36146535
-1	20000	AFGLFWLVW	0.36146535
-1	20000	AFYWHFIFR	0.36146535
-1	20000	AHSKAETEA	0.36146535
-1	20000	AIDPRRIVA	0.36146535
-1	20000	AIKPITDQF	0.36146535
-1	20000	YVYFYDLSY	0.36146535
-1	20000	SLNPYYQSY	0.36146535
-1	20000	SLLHESTLK	0.36146535
-1	20000	SLICGAALY	0.36146535
-1	20000	YVRGYLRGY	0.36146535
-1	20000	HLPGFGTAF	0.36146535
-1	20000	ALLAKRLGA	0.36146535
-1	20000	HLSGPLAGV	0.36146535
-1	20000	YTSDYFISY	0.36146535
-1	20000	RVVEPIKQI	0.36146535
-1	20000	RVLTARKTV	0.36146535
-1	20000	RVEESRARL	0.36146535
-1	20000	RTRGGVAAA	0.36146535
-1	20000	RTIQGQRFW	0.36146535
-1	20000	RTFGKLPYR	0.36146535
-1	20000	RTEILGLVK	0.36146535
-1	20000	GVGAPTTTY	0.36146535
-1	20000	VTIPQIGGM	0.36146535
-1	20000	GVDGLGVSV	0.36146535
-1	20000	GVAMPNLYK	0.36146535
-1	20000	RRNRKALWL	0.36146535
-1	20000	RRFQHKDGH	0.36146535
-1	20000	RRAAVSTLE	0.36146535
-1	20000	RQLESRLGY	0.36146535
-1	20000	APAKKAAAK	0.36146535
-1	20000	RQAELSKAY	0.36146535
-1	20000	HSNLNDTTY	0.36146535
-1	20000	RPVGISSMV	0.36146535
-1	20000	RPRVAQLTF	0.36146535
-1	20000	RPRLWRSVI	0.36146535
-1	20000	RPRHQGVMV	0.36146535
-1	20000	GTDSGFAAY	0.36146535
-1	20000	HTTTGRTSL	0.36146535
-1	20000	HVDIPLQAY	0.36146535
-1	20000	ARLSSPIVL	0.36146535
-1	20000	HVPTRGTAM	0.36146535
-1	20000	HVTQHWPQL	0.36146535
-1	20000	RNNDPTLPY	0.36146535
-1	20000	GRYNLISPK	0.36146535
-1	20000	SYMLQGLRK	0.36146535
-1	20000	GRVIPRMLY	0.36146535
-1	20000	ATFSRPGSL	0.36146535
-1	20000	GRSLEDDIR	0.36146535
-1	20000	TEGEGRVIL	0.36146535
-1	20000	IAIPAHVRL	0.36146535
-1	20000	GRNSRFPDK	0.36146535
-1	20000	TGIAIIAYI	0.36146535
-1	20000	GRKTPLLCF	0.36146535
-1	20000	THYSGNIVH	0.36146535
-1	20000	RKLTNPANK	0.36146535
-1	20000	AVRQKSRWI	0.36146535
-1	20000	RIGGVLIFR	0.36146535
-1	20000	GQTGVIADY	0.36146535
-1	20000	GQMYNMNTL	0.36146535
-1	20000	RGKLKRRAI	0.36146535
-1	20000	RFSFNCSMK	0.36146535
-1	20000	IEFIEVVRL	0.36146535
-1	20000	IESNPLFPV	0.36146535
-1	20000	GPAFVRTKL	0.36146535
-1	20000	QYPAFVLFI	0.36146535
-1	20000	QVIEYLKPY	0.36146535
-1	20000	QTPGVKIAP	0.36146535
-1	20000	QTEPKTSVV	0.36146535
-1	20000	CTELKLSDY	0.36146535
-1	20000	YPAEITLTW	0.36146535
-1	20000	CYMHVSDYY	0.36146535
-1	20000	DAAVVFPPV	0.36146535
-1	20000	DDALFIYGY	0.36146535
-1	20000	DEFVADIPS	0.36146535
-1	20000	QLKQRDALF	0.36146535
-1	20000	QLFIKDYRY	0.36146535
-1	20000	DEWECTRDD	0.36146535
-1	20000	DFGYATMAK	0.36146535
-1	20000	QINELHHSK	0.36146535
-1	20000	DHIPIINTL	0.36146535
-1	20000	VTRPLRTMV	0.36146535
-1	20000	DILASIIDY	0.36146535
-1	20000	DIVGGLFTY	0.36146535
-1	20000	YPACEAIGL	0.36146535
-1	20000	PVDEYITTY	0.36146535
-1	20000	DLLENLQAY	0.36146535
-1	20000	DLQDVIQEI	0.36146535
-1	20000	PRFGSCYFL	0.36146535
-1	20000	VTSSVSSGY	0.36146535
-1	20000	DPPEPLVRI	0.36146535
-1	20000	DPSMLRTTA	0.36146535
-1	20000	DRLHPPNKL	0.36146535
-1	20000	PHDPDFLVL	0.36146535
-1	20000	PELGAFFAI	0.36146535
-1	20000	DTDISQLHH	0.36146535
-1	20000	DTKCKNNYF	0.36146535
-1	20000	NVMDPMHGA	0.36146535
-1	20000	NVHRSQFAQ	0.36146535
-1	20000	DVSPLMHLF	0.36146535
-1	20000	VVARLGVPY	0.36146535
-1	20000	DYPDDFMDK	0.36146535
-1	20000	VRFPNITNL	0.36146535
-1	20000	NSDPNTPDK	0.36146535
-1	20000	NRRFVNVVP	0.36146535
-1	20000	EEFLQCGRL	0.36146535
-1	20000	NQQGITPNY	0.36146535
-1	20000	EEQTDPKTL	0.36146535
-1	20000	NQDLNGNWY	0.36146535
-1	20000	EFFGWAEGY	0.36146535
-1	20000	NPNSPSITY	0.36146535
-1	20000	NPKLRNCRI	0.36146535
-1	20000	NPALRMKWM	0.36146535
-1	20000	EHAGVISVL	0.36146535
-1	20000	EHVQGDIDL	0.36146535
-1	20000	NMKWKFNAL	0.36146535
-1	20000	EIIFYHPTF	0.36146535
-1	20000	VPWQEKTAS	0.36146535
-1	20000	EILWDVIPF	0.36146535
-1	20000	EISGLRPGE	0.36146535
-1	20000	EIYRTLYGL	0.36146535
-1	20000	EKFFPSSSY	0.36146535
-1	20000	EKPPVRPIF	0.36146535
-1	20000	ELFYILIAK	0.36146535
-1	20000	ELIRRVRRY	0.36146535
-1	20000	NALEKALRW	0.36146535
-1	20000	NADTGHSIY	0.36146535
-1	20000	MTQNISNDK	0.36146535
-1	20000	MSRKLHRYI	0.36146535
-1	20000	MRIPVERTL	0.36146535
-1	20000	MRDLRQHEV	0.36146535
-1	20000	VPAERRGVF	0.36146535
-1	20000	ERAFQNWSV	0.36146535
-1	20000	ERNPYENIL	0.36146535
-1	20000	MPRLSRNAA	0.36146535
-1	20000	ESAERLKAY	0.36146535
-1	20000	MMWIPGWFG	0.36146535
-1	20000	ESTINLLPY	0.36146535
-1	20000	MLREGNQAF	0.36146535
-1	20000	MLKLRVDVF	0.36146535
-1	20000	TMLVRQMTK	0.36146535
-1	20000	MLDPRFVKQ	0.36146535
-1	20000	TMRTPLFPW	0.36146535
-1	20000	ETQTGMHAH	0.36146535
-1	20000	MIEPRTLQY	0.36146535
-1	20000	EVAEKDAMY	0.36146535
-1	20000	EVDEGSDMM	0.36146535
-1	20000	VVSEIDLQW	0.36146535
-1	20000	MFINDVHAL	0.36146535
-1	20000	EVNAHIHTM	0.36146535
-1	20000	MEDCPNEGV	0.36146535
-1	20000	MCFHQHLMY	0.36146535
-1	20000	EYAPFARLL	0.36146535
-1	20000	LYVAGVPEL	0.36146535
-1	20000	FAAFYFVFI	0.36146535
-1	20000	YNAKRIETV	0.36146535
-1	20000	FATTPVCEY	0.36146535
-1	20000	FEADPLSPQ	0.36146535
-1	20000	FFSPFFFSL	0.36146535
-1	20000	LTFLDCLYY	0.36146535
-1	20000	LTDEQKNAV	0.36146535
-1	20000	FHGVAKNPV	0.36146535
-1	20000	FHKKRVEPL	0.36146535
-1	20000	FHRKKTDAL	0.36146535
-1	20000	LSDAIFDDL	0.36146535
-1	20000	LQSLENVAY	0.36146535
-1	20000	LPHQPLATY	0.36146535
-1	20000	TQIPRQMVL	0.36146535
-1	20000	YLEGTRTLL	0.36146535
-1	20000	YKEPNSIIL	0.36146535
-1	20000	FLILCSVLL	0.36146535
-1	20000	VYFSPWFFL	0.36146535
-1	20000	YHRPLTGYM	0.36146535
-1	20000	YHFDPVHHL	0.36146535
-1	20000	IQIQATETA	0.36146535
-1	20000	YGGKKAVTY	0.36146535
-1	20000	YFSGIMVRL	0.36146535
-1	20000	YFFVKWIGK	0.36146535
-1	20000	VYWENEVSI	0.36146535
-1	20000	WAGIWGGKL	0.36146535
-1	20000	WAIQCYTGV	0.36146535
-1	20000	YARLRKEVL	0.36146535
-1	20000	LARQHIAAL	0.36146535
-1	20000	WYKMWRVSK	0.36146535
-1	20000	WVGRASDPD	0.36146535
-1	20000	WTGMVDGWY	0.36146535
-1	20000	KVSVGSYFC	0.36146535
-1	20000	ISEDMHTDK	0.36146535
-1	20000	WEITYLGTT	0.36146535
-1	20000	KTVRYWHRF	0.36146535
-1	20000	KTTFKPNTW	0.36146535
-1	20000	ISLWGSLLK	0.36146535
-1	20000	KTIQGGLGW	0.36146535
-1	20000	ISSGETRSF	0.36146535
-1	20000	ISYTYNDNW	0.36146535
-1	20000	FPNLQVDPT	0.36146535
-1	20000	FPRSAERAG	0.36146535
-1	20000	KSRCASPST	0.36146535
-1	20000	ITDEINQIK	0.36146535
-1	20000	KSDLQPPNY	0.36146535
-1	20000	GIVSSMHYK	0.36146535
-1	20000	KRFYQTVGF	0.36146535
-1	20000	KRFLNGAKY	0.36146535
-1	20000	VHTQKKDLY	0.36146535
-1	20000	FRRRKRMGF	0.36146535
-1	20000	FRYMNSQGL	0.36146535
-1	20000	FSDVSHWWQ	0.36146535
-1	20000	KPKHLYVSM	0.36146535
-1	20000	KNYPASLHK	0.36146535
-1	20000	KMYWITRSK	0.36146535
-1	20000	WPEIVGAIV	0.36146535
-1	20000	KLYPNVDFY	0.36146535
-1	20000	FTRYRKEAI	0.36146535
-1	20000	VLDMGDPVK	0.36146535
-1	20000	KKSAFYQSY	0.36146535
-1	20000	FVKDWMDRI	0.36146535
-1	20000	KHDEEFCDM	0.36146535
-1	20000	FVRTLFQQM	0.36146535
-1	20000	FWAWSVLRV	0.36146535
-1	20000	FYLFTFTIY	0.36146535
-1	20000	KCRVKMEKL	0.36146535
-1	20000	GAGDFSHGW	0.36146535
-1	20000	IYSAEFKNY	0.36146535
-1	20000	GEIGIRNWL	0.36146535
-1	20000	GEYRSGNNL	0.36146535
-1	20000	IVRQGIRQL	0.36146535
-1	20000	GHLENNPAL	0.36146535
-1	20000	YLDNVGVHI	0.36146535
-1	20000	SSKMFNYFK	0.36146535
-1	20000	GHGTVVLEL	0.36146535
-1	20000	MIRRRNQIL	0.36146535
-1	20000	APRQPGLMA	0.36146535
-1	20000	RPRIRLSAP	0.36146535
-1	20000	RPPEVDGNR	0.36146535
-1	20000	TTRAVNMEV	0.36146535
-1	20000	RPMSASRPA	0.36146535
-1	20000	NPAACSYMV	0.36146535
-1	20000	ARVAASLAK	0.36146535
-1	20000	TKDETREQL	0.36146535
-1	20000	SALNHTKKW	0.36146535
-1	20000	SQVRVPTVF	0.36146535
-1	20000	LLDDGWAGE	0.36146535
-1	20000	FIKDYRYTY	0.36146535
-1	20000	YHDPANWPL	0.36146535
-1	20000	EKLKKKSAF	0.36146535
-1	20000	FPASHMATY	0.36146535
-1	20000	CPRIFSHSF	0.36146535
-1	20000	FLRDNRAVL	0.36146535
-1	20000	AEDLADHHV	0.36146535
-1	20000	YPKFHRSAM	0.36146535
-1	20000	RAMDVYCHR	0.36146535
-1	20000	AVSKNRRQL	0.36146535
-1	20000	KCNPNLHYW	0.36146535
-1	20000	RHIAIQVCY	0.36146535
-1	20000	SPVSRSHSF	0.36146535
-1	20000	RERIRYFHY	0.36146535
-1	20000	AELIDSFTW	0.36146535
-1	20000	SPMETTAEF	0.36146535
-1	20000	AENCYNLEI	0.36146535
-1	20000	ANRLTTLQR	0.36146535
-1	20000	RGINDRNFW	0.36146535
-1	20000	RPPGCTFPA	0.36146535
-1	20000	RPKPDYSAM	0.36146535
-1	20000	KRIRLKHIF	0.36146535
-1	20000	RPAGARAAF	0.36146535
-1	20000	RNEQGQTLW	0.36146535
-1	20000	RMIESRMSK	0.36146535
-1	20000	AVGVVCTGL	0.36146535
-1	20000	KTRMEDYYL	0.36146535
-1	20000	TEANAGQFL	0.36146535
-1	20000	RLKTATYTF	0.36146535
-1	20000	RRQWVLAFR	0.36146535
-1	20000	EQRLIDICV	0.36146535
-1	20000	RSTLANGWY	0.36146535
-1	20000	RQFVSNNGK	0.36146535
-1	20000	RRTPRVSWK	0.36146535
-1	20000	KTDIVNTTY	0.36146535
-1	19907.3	ITNTIAGVA	0.36176489
-1	19841.26984	PTMNNAKLT	0.361979104
-1	19721.37511	KLEKTKTRL	0.362369893
-1	19579.8	QLVCKDHLA	0.362834418
-1	19488.47558	DVCKKNLDL	0.363135851
-1	19292.14694	RALGPAATL	0.363788679
-1	18966.7	TTPENITTA	0.364885625
-1	18846.60082	LTFLSGGDL	0.36529519
-1	18726.8	EPLWGSLAV	0.365706346
-1	18678.1	TLFKIDNNT	0.365874237
-1	18609.10419	RVRELAVAL	0.366112848
-1	18554	SVGHMMVIF	0.366304053
-1	18475	VFKVKLHEI	0.366579166
-1	18272.04207	TIGNQLYLT	0.367291387
-1	18076.84745	EIKPKFCLI	0.367983867
-1	17969.60962	GQQFYWPVM	0.368367497
-1	17819.00011	KITFALKKL	0.368910168
-1	17785	LAWIPYFGP	0.36903331
-1	17712.48985	NGMYHGLYL	0.369296718
-1	17572.11457	EALYYVHSL	0.369809737
-1	17421.70854	ILAKGRRRV	0.370363984
-1	17339.31232	GIDTSNNIA	0.370669646
-1	17302.16234	STLNFNNLY	0.370807935
-1	17221.3	GILPWTKIS	0.371109972
-1	17113.65612	HSNIEEVAL	0.37151425
-1	17048.27268	ATLGPANRI	0.371761054
-1	17019.06834	CAVIPFDDI	0.371871598
-1	16959.82594	IIYNANKLI	0.372096426
-1	16910.81752	EQTSVFSAT	0.37228301
-1	16830.1	GLSLLQLPR	0.372591498
-1	16805.41425	QTHIKTIAV	0.372686138
-1	16705	PLRNDGNRF	0.373072543
-1	16667	WVDLRSLFL	0.373219377
-1	16665	WAFSAIGNV	0.373227115
-1	16569.84698	GYKDVILWF	0.37359631
-1	16525.9	SLLQLPRDK	0.373767542
-1	16393.53074	DTIEIRGVL	0.374286059
-1	16306.12033	KQQQIHALF	0.374630764
-1	16191.49251	ELCAEAEEL	0.375085612
-1	16137.43061	LKALGPAAT	0.375301251
-1	16025.64103	DQYKFHKLL	0.375749451
-1	16000.4	NVPGPHRTI	0.375851083
-1	16000	GLSISGNLL	0.375852695
-1	15862.60779	TAVEHIPTM	0.37640874
-1	15735.36494	YTAVVPLVY	0.376928021
-1	15633.5528	PIPMSRLFM	0.377346552
-1	15575	RVMAPRALL	0.377588489
-1	15519.8	FAPKQKMFS	0.377817406
-1	15461.58425	HVSRPTTVV	0.378059713
-1	15413.13271	IYWIREGKI	0.378262076
-1	15189.93658	TLNRNQPAA	0.379202569
-1	15000	FHNNWGATL	0.380013864
-1	14967.4	VSYEAGEWA	0.380154143
-1	14855.6	RLAKLTEAI	0.380637557
-1	14681.95846	KLRGFKKRV	0.381395629
-1	14649.94383	AVLQSGFRK	0.381536374
-1	14613.33804	AVINTTCNY	0.381697681
-1	14564.6	SSPGPTTEA	0.381913079
-1	14500.90674	FVNEKYCII	0.382195659
-1	14380.26181	ITLWQRPLV	0.38273433
-1	14332	KVQEWYLSY	0.382951082
-1	14297.832	RIRQGLERA	0.383104978
-1	14257	YGIPFPGSL	0.383289372
-1	14167.16839	VIYPNFSKA	0.383696911
-1	14023.3873	LTKIDTTHV	0.384354612
-1	13977.17212	LLLENKSLT	0.384567447
-1	13882.33643	DTQQHPIVV	0.385006409
-1	13736.26374	ELNIVDEII	0.38568843
-1	13693.9	LAKAIITPI	0.385887585
-1	13632.33087	AIKCEGLDV	0.386178128
-1	13583.52381	VIFLISVIV	0.386409381
-1	13542.54986	DQTHIKTIA	0.386604163
-1	13507.79192	CTSEIQNVT	0.386769857
-1	13478.31305	IILFQNNDI	0.38691072
-1	13473.40629	RVFNNYMPY	0.386934197
-1	13372.04348	EVVVFGEAV	0.387421093
-1	13318.61404	LSVIWMMWY	0.387679229
-1	13283.27639	SVDVDIYDA	0.387850526
-1	13198.17223	GEMWAQDAA	0.388264943
-1	13075.27588	TVLDVGDAY	0.388868129
-1	13000	RTTLWCDVR	0.389240396
-1	12945.47893	VSFIEFVGW	0.389511371
-1	12875.99661	SATVYGDKI	0.389858364
-1	12751.16282	KNATWCLEV	0.390486511
-1	12721.4527	STIANSNII	0.390636915
-1	12644.0261	AVLSEYETM	0.391030532
-1	12584.03401	DLENRCQSL	0.391337178
-1	12500	ELSGYCSNI	0.39176918
-1	12500	HLSLRGLPV	0.39176918
-1	12500	IMKNHLRDI	0.39176918
-1	12418.46108	TQVKELGIA	0.392191141
-1	12373.76009	TLPNKSDVL	0.392423643
-1	12218.25751	GIYIRRNMI	0.393239053
-1	12196.428	RQANFLGKI	0.39335435
-1	12138.75941	SADDIQAIM	0.393659935
-1	12075.47746	YAAQGYKVL	0.39399694
-1	12019.23077	VVLQQHSIA	0.394297965
-1	12000	VLCPKNMII	0.394401208
-1	12000	VLGPISGHV	0.394401208
-1	11973.37782	EVFHCMDIL	0.394544408
-1	11909.4	ASLFLPKLV	0.394889847
-1	11860	ITDKINQII	0.395157848
-1	11835	LPLLALLAL	0.395293901
-1	11719.2	VIRANNNRL	0.395927873
-1	11657.5773	TLSLSKQDI	0.396267798
-1	11575.5628	FIPISASDM	0.396723007
-1	11512	YTFCRLNVK	0.397078027
-1	11496.76877	ILSEKRKDT	0.39716339
-1	11441.4	RVGRVNPGT	0.397474657
-1	11400.62	ATDALMTGF	0.397704875
-1	11355.29137	AEFKYIAAV	0.39796174
-1	11267.1122	TACNNTIII	0.398464379
-1	11178.90822	SVDCNKELM	0.398971109
-1	11129.39305	ELPVKTDIV	0.399257329
-1	11111.0347	CIEYVTLNA	0.399363772
-1	11048.58661	PMIIGEPII	0.399727171
-1	10998.60459	FSLGAAVKA	0.400019511
-1	10967.62794	EATYHIIIV	0.400201357
-1	10952.9	NLTYVQLES	0.400287997
-1	10923.69835	ELEEICHDL	0.400460126
-1	10879.8535	RLTILGKDA	0.400719436
-1	10787.99496	ATESDAIRT	0.401266115
-1	10775.8	QFLFQLNDT	0.401339041
-1	10685.32195	EATFIDVHI	0.401882691
-1	10606.94115	NTIAVITET	0.402357388
-1	10569.07159	DLTAALRDV	0.402587995
-1	10541.86263	YSAGALASC	0.402754195
-1	10511.72016	FNNTKFDYY	0.402938815
-1	10448.45949	LMLVALLGA	0.403328009
-1	10356.16277	RRGWEVLKY	0.403900088
-1	10267.04868	MLTACQGVG	0.404457298
-1	10215.57584	TVRSIITDA	0.404781354
-1	10150.86671	LLLVVQALR	0.405191065
-1	10064.04627	IIRYPVKRI	0.405744899
-1	10024.78676	CINGVCWTI	0.405996908
-1	10000	LVALVGLFV	0.406156525
-1	10000	TTQHWLGLL	0.406156525
-1	10000	AADKAAAAY	0.406156525
-1	10000	STFSFRNAL	0.406156525
-1	10000	QGRGQCTEV	0.406156525
-1	10000	LAFLQYRRL	0.406156525
-1	10000	SLCFLGAIA	0.406156525
-1	10000	EVFFGLSRY	0.406156525
-1	10000	QMGRNSMKL	0.406156525
-1	10000	NCERKKPPV	0.406156525
-1	10000	WLGLLGPNG	0.406156525
-1	10000	DLSLGNQEL	0.406156525
-1	9990.254265	FSFPQITLW	0.406219392
-1	9934.762234	LAEHISDSI	0.406578528
-1	9810.486721	YALEPRKEI	0.407390152
-1	9792.633227	KLAKEKKLL	0.407507595
-1	9735.723068	AIMFKDDNI	0.40788339
-1	9705.682734	YLPTQQDVL	0.408082643
-1	9638.582199	IIIVALTIM	0.408529946
-1	9614.940159	RMFLAMITY	0.40868829
-1	9534.3	GVVVSTNRL	0.409231326
-1	9503.100135	AVPTAQSQV	0.409442661
-1	9430.2	RLKVFLPNP	0.409939174
-1	9344.410094	FRLMRTNFL	0.410528417
-1	9295.5	RGTTFAEGV	0.410866779
-1	9249.733326	VLRGRHDAA	0.411185012
-1	9223.271412	VYQILQPIL	0.41136973
-1	9209.368202	MLSRVAAVK	0.411466994
-1	9146.776775	VQRQIQVHA	0.411906699
-1	9120	QHLCGSHLV	0.412095726
-1	9071	LVYVNGVVV	0.412443076
-1	9031.252656	KIKTNDINV	0.412726216
-1	9000	NLGQHIYET	0.412949722
-1	8978.411685	RQLTSNVDV	0.413104566
-1	8952.124577	HASPTLFNA	0.413293615
-1	8941.925856	VATFRDMLL	0.413367111
-1	8917.7	SLTKLFSYG	0.413542029
-1	8844.560534	AMHDKKIDI	0.414073014
-1	8819.01087	QLVESGGGL	0.414259537
-1	8747.822572	LVVLGKVTI	0.414782107
-1	8685.7	ILQKTERGV	0.415241614
-1	8662.971729	DVRNIVTFI	0.415410552
-1	8567.675004	VTKTDGIPI	0.416123745
-1	8524.929243	YFANNKFTL	0.416446232
-1	8503.45055	GAQSKSSLL	0.416608884
-1	8480.473969	ELPYDENGI	0.416783335
-1	8333	WMKRFNPPA	0.417914421
-1	8320.861388	KIEPRNILI	0.41800841
-1	8293.801605	FTLMAAILA	0.41821843
-1	8242.1	FLLQRWGGT	0.418621614
-1	8210.2	FSMPLGVVT	0.418871644
-1	8140	ALTGLPSGL	0.419425303
-1	8077.554967	YIKDLKHAT	0.419921828
-1	8008.872338	GAAQYIGLV	0.420472403
-1	8000	SLGGHTVWQ	0.42054387
-1	7964.3	VVTNSTLEV	0.420832237
-1	7939.749312	NVTNPFDFM	0.421031296
-1	7887.416522	QLAKKEEEL	0.421457678
-1	7854.02751	NIREGTHVL	0.421731196
-1	7817.998964	SIRCVKYLL	0.422027644
-1	7760	ALLGERPII	0.42250775
-1	7727.539092	IAMKVIQGI	0.422778024
-1	7655.1	LVCGLRQLA	0.42338528
-1	7577.9	EILNTIQFM	0.424038804
-1	7568.16411	DAFSREYSM	0.424121694
-1	7529	LPVFATIGL	0.424456213
-1	7487.73491	STILNSIDI	0.424810565
-1	7445.6	FFLWVIILF	0.425174407
-1	7401	YLVTRYADV	0.425561785
-1	7373.57267	LLGLLLLCV	0.425801169
-1	7349.361235	GASYISCTA	0.426013226
-1	7316.982634	NYKEICVAW	0.42629791
-1	7250.190216	HLRDQSIKI	0.426889174
-1	7201.1	SLAKHGEYA	0.427327217
-1	7158.027057	VAAENQHHA	0.427714032
-1	7143	VALVGLFVL	0.427849531
-1	7104.856023	EMQLKIDKL	0.428194757
-1	7073.2	KQKMFSNNV	0.428482673
-1	7042.281461	ADPVDAVIN	0.428765129
-1	7009.84481	ELTYLLGMI	0.429062789
-1	7000	YLVPGEGEQ	0.429153405
-1	6959.590506	CNYSKFWYL	0.429526688
-1	6911.617555	AIVVVIILV	0.429972662
-1	6888.385903	TLKSFFAWS	0.430189746
-1	6790.620688	ITLILSNKL	0.431111391
-1	6700.390473	QARNIQKIT	0.431973853
-1	6675.240214	PTLDNILGI	0.432216322
-1	6594	HLADQLIHQ	0.43300583
-1	6544.525042	PLSINVSGV	0.433491417
-1	6511.402097	SQPGPSWGL	0.433818568
-1	6480.3	QIDKNKLYL	0.434127278
-1	6461.005332	NIHNHMIKV	0.434319537
-1	6432.881065	PTNKLQAAV	0.434600808
-1	6420.395217	ATYHIIIVA	0.434726073
-1	6360.833329	FIKNPACTV	0.435327005
-1	6356.20154	DLSKLSKDV	0.435373971
-1	6299.2	GMNAPDDLV	0.435954789
-1	6265.487062	GALQWDDNI	0.436300786
-1	6250	LTLTNTSII	0.436460355
-1	6245.933358	FMNDLQVSR	0.436502321
-1	6209.230375	TFSFNGAFI	0.436882317
-1	6093.285214	EMETLQSQL	0.438097657
-1	6055.41843	RIVVYNPST	0.438499592
-1	6043	TSPDLSFSL	0.438631955
-1	6027	NVLLYNRLL	0.438802893
-1	6000	AMLGHAGDM	0.439092383
-1	6000	KQPNRPLFI	0.439092383
-1	5951.887499	YIPFAEDAL	0.439611482
-1	5909.538189	RIVARQIVD	0.440071884
-1	5897.030121	LIIDREVVA	0.440208498
-1	5868.426793	MAFILGIII	0.440521996
-1	5853.998911	RLARRGSWA	0.440680708
-1	5827.90167	YIDVNEEYT	0.440968785
-1	5794.618122	TLQKVLHVT	0.441338066
-1	5774.172278	SLSKRERQL	0.441565966
-1	5761.822105	LNMFVSDQV	0.441704018
-1	5720	GVFKVWHPI	0.442173721
-1	5707	YLHDPLTPY	0.442320424
-1	5692.29506	ILFLLFVCI	0.44248677
-1	5669.24033	STFNMWREI	0.442748437
-1	5646.515096	AVTDRETDV	0.443007409
-1	5581.747858	MTGDTYTAH	0.443751239
-1	5562.760915	LVPVLEKKV	0.443970934
-1	5556	ILLGIFFLC	0.444049345
-1	5500	HVYAHQAQT	0.444702506
-1	5406.546074	YIEDELRRA	0.445807467
-1	5353.787871	GVPHSVFIA	0.446439725
-1	5341.880342	LQPFLQPQL	0.446583287
-1	5325.686498	PLYIDISDV	0.446779041
-1	5258.975686	FVETLARSI	0.447591781
-1	5195.540632	DAAVAVAAA	0.448374232
-1	5176.593687	SIRLELVNL	0.44860979
-1	5152.082106	TINAWIKVV	0.448915812
-1	5140.763471	NIDSIMSMM	0.449057615
-1	5116.69357	DMLNIMNKL	0.44936021
-1	5103	LLPYPIAGC	0.449532995
-1	5044.0247	NTFRHRVVV	0.450282479
-1	5015.962367	TNAEFTFQL	0.45064219
-1	5003.690989	IISTLNKIL	0.450800121
-1	5000	NLLMNGQQI	0.4508477
-1	5000	FVMPIFEQI	0.4508477
-1	5000	VVEPPRQLV	0.4508477
-1	5000	GLQSQQGHL	0.4508477
-1	5000	FLTSELPQW	0.4508477
-1	5000	KQIGGTLFE	0.4508477
-1	4996.374331	DYNFVKQLF	0.45089447
-1	4964.958095	AVANCVRNL	0.451301161
-1	4922.388646	AAQFNASPV	0.451856358
-1	4901.4	ITAASLPKT	0.452131865
-1	4891	LLPPELSET	0.452268818
-1	4867.019714	NAMVTLRKE	0.452585716
-1	4818.592804	QTLISLNSM	0.453230463
-1	4776.701879	TISKPSEAV	0.45379344
-1	4737.763825	LDFAKVASV	0.454321179
-1	4698.0437	RIKSVLDII	0.454864004
-1	4668.715209	QPAPQQGQL	0.455267769
-1	4651.744484	EIIPSSIPV	0.455502564
-1	4616.729694	IFLARSALI	0.455989724
-1	4578.754579	QAVNNLVEL	0.456522266
-1	4574.749993	YLKKWLNSF	0.456578681
-1	4545	GTLVALVGL	0.456999342
-1	4436.985186	EAIFLIVSL	0.45855015
-1	4414.674156	MTGDTYTAR	0.458875179
-1	4379	GMNPYHLAA	0.459398312
-1	4328.38649	EILGIAHLL	0.460147878
-1	4312.011504	IAMESIVIW	0.460392263
-1	4287.363454	IVTDFSVIK	0.460761872
-1	4270.043226	GTSNRTPTV	0.461022871
-1	4218	FIPENQRTV	0.461813528
-1	4167	TTAEEAAGI	0.462597858
-1	4166.666667	TLTSDDLLI	0.462603016
-1	4161.122299	FVNFVKDMI	0.462688868
-1	4128	ILGRYLPEF	0.463204145
-1	4088	HMQISTIGI	0.463831956
-1	4036.563311	RRIFDLIEL	0.46464836
-1	4000	ILDRIITNA	0.465235044
-1	3989.062886	KQFIQRGGL	0.46541158
-1	3973.749992	VFLPNTHNL	0.465659561
-1	3956.485653	KADAVVADL	0.465940292
-1	3937.764354	AVHDPERPL	0.466246103
-1	3885.6	VIYRGVNFA	0.467105934
-1	3870.636903	KIEDLINQL	0.467354703
-1	3849.727323	IAVFDSKLI	0.467703952
-1	3817.372293	FMPKDGGMM	0.468248128
-1	3803.264991	QAKTKNFTI	0.468486843
-1	3771.884785	FTDCRTIDA	0.46902103
-1	3744	VLFDLDEDD	0.469499457
-1	3733.164987	MQIRGFVYF	0.469686318
-1	3687.331677	ALVAVSLIA	0.470482808
-1	3671.392588	RISGSNIVI	0.470762118
-1	3625.795926	FVYFVETLA	0.471567885
-1	3620.2	GILGSLGLR	0.471667472
-1	3600.383524	GVGAVAMSL	0.472021373
-1	3588	EIQLKIDKL	0.472243519
-1	3571.428571	QALTDLGLI	0.472541995
-1	3554.8	FQRTFSIPL	0.472842895
-1	3534.410822	FYAEMKWLL	0.473213771
-1	3515.749991	TIPTNIPTL	0.473555089
-1	3500.905688	AMFQDPQER	0.473827897
-1	3465.889921	KIFNNNYKT	0.474476025
-1	3455.46545	DIMTSTRTI	0.474670243
-1	3446.521564	KLIIDREVV	0.474837344
-1	3430	QQRPDLILV	0.475147164
-1	3407.52029	NAPIKTFML	0.475571119
-1	3387.47168	DTGKKELAL	0.475951591
-1	3357.268693	DILQMREII	0.47652904
-1	3333	PLTSIISAV	0.476996809
-1	3277.962918	QLYLTVSFI	0.478070371
-1	3269	SEVKFKYVL	0.478246908
-1	3250.866661	KLIQIEKVL	0.478605554
-1	3233.9	AMVEYVSAG	0.478942942
-1	3174.816075	AIFNNRNLA	0.480131819
-1	3155.9	SSYYATSYL	0.480517125
-1	3128.085619	TVASAQIHL	0.481087898
-1	3110.318952	RVNHAKYMV	0.481455146
-1	3096.939179	EMIQLQEEL	0.481733102
-1	3075.6	AVSHLTTLA	0.482178904
-1	3063.808315	EVNDTHYTV	0.482426576
-1	3037.2	PLASLTPKA	0.482988975
-1	3017	FIFLKKNEL	0.483419227
-1	3000	TLQSLGAEI	0.483783558
-1	2995.918265	VVDMLSTYL	0.483871342
-1	2969.255164	SLREWLLRI	0.484447732
-1	2955.833324	AMYYRRTER	0.484739841
-1	2935.372035	CVNGSCFTV	0.485187716
-1	2882.712612	SLSNLDFRL	0.486354886
-1	2846.45918	SLQTCAGVI	0.487170885
-1	2836.310211	VVVPIKFIA	0.487401182
-1	2808	HTAWDSHWV	0.48804797
-1	2796	QLNETIYTS	0.488324098
-1	2750.989797	YVFPVIFSK	0.489370478
-1	2730.732176	FMLCLLLLS	0.489847018
-1	2714.450425	PLGILSNYV	0.4902326
-1	2703	CINGVCWTA	0.490505155
-1	2671.1	LSFASLFLP	0.491270604
-1	2660.515571	RIDKTMKYI	0.491526601
-1	2648.2	RLPKRSVML	0.491825753
-1	2636.189373	NVFETRIVM	0.492118841
-1	2632	TLLVVMGTL	0.492221386
-1	2618.095304	AAMAAQLQA	0.49256291
-1	2592.116242	TLAVFLLLI	0.493205891
-1	2541	NRWKSWFSY	0.494490049
-1	2538.726618	IASILSLET	0.49454776
-1	2510.065738	ELRELNDRL	0.495279797
-1	2500	RTVSLPVGA	0.495538874
-1	2491.575433	SLFNTAATL	0.495756513
-1	2486.959005	RVSRPTTVV	0.495876086
-1	2472	ILMNFHQKK	0.496265077
-1	2455.838334	GQFLSFASL	0.496687996
-1	2430.703962	MIITAVNSL	0.497351276
-1	2407.209159	ELLRPTTLV	0.497977519
-1	2384.4	RSEELSFTV	0.498591363
-1	2366.459775	SLIGSKTQI	0.499078312
-1	2359.793054	LAAPPPQRA	0.499260208
-1	2346.794098	IVSVSESNI	0.499616355
-1	2339.5	MHNQDGLIC	0.499817065
-1	2316.125751	EAAITDAAV	0.50046449
-1	2306	TLRAAMISL	0.500746986
-1	2286.9	SGLLIVKTV	0.501283246
-1	2271.776645	AYFATPASV	0.501711043
-1	2256.287357	CINGVWCTI	0.502152153
-1	2242.964481	SLLLENKSL	0.502533996
-1	2221	NFWLNTLLF	0.503168494
-1	2210.174949	NAFLESGDA	0.503483514
-1	2202.086834	LLYLILFLL	0.503719895
-1	2187.759408	LLSSNLSWL	0.504140764
-1	2167.003937	TIDGRIVTL	0.504755371
-1	2153.873262	MAEFEDQLV	0.505147242
-1	2124.44735	LTISPTAGI	0.506034172
-1	2108.7	FLPNPAFIH	0.506513875
-1	2101.765934	FIKYVNGWV	0.506726241
-1	2091.102269	ITLWQRPIV	0.507054202
-1	2076.196553	VMNNLSELT	0.507515442
-1	2059.5	QVPKLLLWF	0.508036045
-1	2044	FAANPNSQV	0.508523131
-1	2015.3	FLLRRWGGT	0.509434857
-1	2008	MPQMKKILK	0.509668831
-1	2002.406898	SLSSQMTST	0.509848672
-1	2000.713588	KLEGDSTDL	0.509903219
-1	2000	YLLDGLRAQ	0.509926219
-1	2000	ALFFFDIDL	0.509926219
-1	2000	GITYQAWQA	0.509926219
-1	2000	ALLDPSQGM	0.509926219
-1	1995	FVHSGFIYF	0.51008761
-1	1978.619788	KNWMTQTLL	0.510619182
-1	1972.833319	RIYSHIAPY	0.510808017
-1	1962.866658	VVGKPYKEV	0.511134571
-1	1944.555743	NVDSTDELM	0.511738867
-1	1936.560886	MTLSCNGET	0.512004499
-1	1927.561832	NMDPLNDNI	0.512304811
-1	1923	YPQLSAIAL	0.512457582
-1	1912	FQLYSDLAH	0.512827457
-1	1896.635394	SITEVECFL	0.51334767
-1	1883.77664	KLNENIIRF	0.513786289
-1	1868.2	PVILSLPRI	0.514321645
-1	1840.740619	IALANIGFL	0.515276363
-1	1819.513287	VQLSNNKYV	0.516024214
-1	1812.901331	LIAFSSGTV	0.51625894
-1	1807.016986	LIANIHNHM	0.516468557
-1	1798.821855	LLNTRQLKL	0.516761631
-1	1788.532532	YQLFSDAKA	0.517131493
-1	1783	YPASLHKFF	0.517331247
-1	1773.776489	EMADTFLDT	0.517665648
-1	1762.469879	ITHTNITTL	0.518077952
-1	1755.653043	LLRVISGVL	0.518327813
-1	1741.57132	ALKNSQAEL	0.518847044
-1	1728.808831	SVRDRLARL	0.519321272
-1	1721.03534	RLVDYRKSV	0.519611837
-1	1717.9	LMHNQDGLI	0.519729404
-1	1706.723622	PIFFCLWVY	0.520150243
-1	1680	YQAENSTAE	0.521167782
-1	1670.207921	IISLFYTFA	0.521544686
-1	1666.666667	NIVLIALSV	0.521681536
-1	1663.876651	IIILAVLFI	0.521789559
-1	1656.728423	GLIVILFIM	0.522067152
-1	1648.478765	HFANYNFTL	0.52238901
-1	1642.9	LITSTVTGI	0.522607578
-1	1639	MLARACQHA	0.522760816
-1	1621.040927	SAYIIRVTT	0.523471197
-1	1618.96901	ELWKDVDRI	0.523553659
-1	1595.276495	LQQNNSFII	0.52450419
-1	1586.659857	FVNKHLPTM	0.52485339
-1	1574.320623	LLEQLIENI	0.525356768
-1	1560.827275	YRSGIIAVV	0.525911765
-1	1554.908866	SIRFHIKEL	0.526156712
-1	1532.767998	YMRQCINQL	0.527081403
-1	1529.2	QLSAIALGV	0.527231665
-1	1525.833315	YSRPWNWTF	0.527373771
-1	1515.833315	KMSEYKGPV	0.527797723
-1	1505.748636	RTMPNESRV	0.528228106
-1	1500	ALQAIELQL	0.528474732
-1	1497	YLDFGGPEG	0.528603813
-1	1493.130026	YTGDFDSVI	0.528770708
-1	1483.85925	LIDVLKTRL	0.529172283
-1	1479.538874	HILHAYCGI	0.529360283
-1	1470	GLRDLAVAV	0.529777317
-1	1457.1	GVATDVPSA	0.530345622
-1	1454.008456	TVGMSIVCI	0.530482566
-1	1446.225043	YTCNKPYTA	0.530828636
-1	1441.970774	MLIKPKELV	0.53101858
-1	1437.842491	YIALGRARV	0.531203435
-1	1419	KINRSKTPY	0.532053955
-1	1416.137872	PLLNIGIVL	0.532184134
-1	1406.644158	KASTISWMM	0.532617832
-1	1397.766628	ALSGFYYVQ	0.533026037
-1	1390	TLKQRLTNL	0.533385292
-1	1387.947845	CLRRFIIFL	0.533480553
-1	1373.51525	PLNDNIATL	0.534154515
-1	1364.749977	FLADYRGKT	0.534567294
-1	1351	LLVVMGTLV	0.535220187
-1	1344.040365	AQFNASPVA	0.53555319
-1	1326.750327	LVITYCLVT	0.536388002
-1	1316	SLNFMGYVI	0.536912561
-1	1307	ALFHKVQSY	0.537355019
-1	1304	LIFHFFLFL	0.537503182
-1	1297.33302	IILNKIVQL	0.537833674
-1	1290.435725	LISILMIFI	0.538177375
-1	1281.184618	NIVIFVKRL	0.538641265
-1	1277.150523	MMQNDYGGM	0.538844601
-1	1264.835945	TSVPKCWLV	0.539469308
-1	1250	QIVTFFQEV	0.540230049
-1	1239.216476	TSAPDTRPA	0.540788683
-1	1235	TTGKLIWKV	0.541008438
-1	1220.781245	CINGVCWSI	0.541755063
-1	1213	ELAKPWPGA	0.542167346
-1	1208.706738	FQDSSSSKA	0.542395955
-1	1206	VMGGNAAEA	0.542540502
-1	1190.26029	CLTVPNITI	0.543387525
-1	1186	QYLFSLTYV	0.543618716
-1	1179.807443	TIIFVLISI	0.543956251
-1	1178.960436	NLTQLFKYV	0.544002556
-1	1174.93333	FAHELEMLC	0.54422317
-1	1170	MMSCSSEAT	0.544494461
-1	1159.8	LMHNQNALV	0.545059022
-1	1155.302391	MLIIFWFSL	0.54530954
-1	1145.981208	ITSGNINYM	0.545831851
-1	1139.278143	TINEEAAEW	0.54621009
-1	1123	YWMGGTTYF	0.547137971
-1	1112.2	WLGGILPWT	0.547761042
-1	1104.155531	VTLNRIKIA	0.548229085
-1	1100.696428	SALMTLDDL	0.548431392
-1	1099.357558	RLTGYPAGI	0.548509867
-1	1092.126996	QIAILVTTV	0.54893533
-1	1088.757178	NGYRWQHQI	0.549134581
-1	1079.867971	ALSDACKKI	0.549663157
-1	1077	VLRSDIADV	0.549834622
-1	1075.899986	VSPLAVTWW	0.54990051
-1	1072	LFNTIATLY	0.55013465
-1	1068.170892	SLEGDLEDL	0.550365365
-1	1064	VFSPFGYSF	0.550617616
-1	1061.339697	YTISSESLV	0.550779026
-1	1058.064222	NLSWLSLDV	0.550978317
-1	1052.5	AAVSHLTTL	0.551318281
-1	1050.707722	SLYSTVATL	0.551428169
-1	1048	VPAWLPLGI	0.55159454
-1	1046.814535	IVNTTYDFL	0.551667514
-1	1037.806765	CTINVNSLA	0.552224725
-1	1030.737239	FANYNFTLL	0.552665435
-1	1017.238872	KLPQLCTEL	0.553515376
-1	1007.45617	HQWDIDSAI	0.554138435
-1	1000	QIMYNYPAM	0.554617394
-1	998	IVMGNGTLV	0.554746474
-1	993.794297	FVCISYYFT	0.555018758
-1	987.709657	VLLYTATQI	0.555414733
-1	978.7999591	VVYKEAKIK	0.555998979
-1	977	HLPELIWRS	0.556117656
-1	972.006221	SQCQAIHNV	0.556448058
-1	966	GLYRLNFRR	0.556847703
-1	963.072121	AVIIMAINV	0.557043421
-1	958.8999896	HLKRTILAL	0.557323343
-1	955.537213	YVIPHVHAF	0.557549851
-1	945.9422732	RLSLTALSA	0.558200551
-1	944	LLLGLWGTA	0.558333073
-1	939.6178571	QQSEARRML	0.558633073
-1	937.9547568	FQAITVTKL	0.558747294
-1	932.9447	YTDSIQDLL	0.559092613
-1	925.925926	MTSYQYLII	0.559579513
-1	919.077421	IIDFLEGAL	0.560058173
-1	915.219442	AVIPFDDIV	0.56032939
-1	912.118681	SLFNTIATL	0.560548205
-1	908.291473	MLDLQPETT	0.560819311
-1	904.4	LSPETLVGV	0.561096144
-1	901	RKLGWWLKL	0.561338991
-1	896.238649	ILMWEAVTL	0.561680617
-1	893	ALIICNAII	0.561914029
-1	884.3	RLLPLLALL	0.56254526
-1	880.743936	VIKLVKSLV	0.562805061
-1	879.8	ALWGPDPAA	0.5628742
-1	872.373542	VILSPPINA	0.563420754
-1	868.499112	YASLTTIGT	0.563707745
-1	865.389127	RLVVVGWFL	0.563939039
-1	864.056733	LLEAVYGNI	0.564038385
-1	862.523115	TLVAIFSYI	0.564152925
-1	857.391459	NTITTFIPI	0.564537675
-1	851.8333007	YTYPIAHTA	0.564957008
-1	849.45	ILRGSVAHK	0.565137654
-1	847	TVILGVLLL	0.565323885
-1	841.015683	SVTMVDKPT	0.565781043
-1	838.628735	FVVFLLVTL	0.565964297
-1	833.333333	LVDLFVFST	0.56637271
-1	832.552714	LLFQLCTFT	0.566433136
-1	831.00436	ALHQCFTEL	0.566553157
-1	828.770983	PLPCQLMYA	0.566726673
-1	826.8999879	SMYQLMITI	0.566872395
-1	820.992215	TVPWPNASL	0.567334694
-1	817.8332994	ATADLELAY	0.567583255
-1	815.7665999	RVRQAWDTL	0.567746394
-1	808.56675	TVGMLIYSM	0.568317975
-1	801	CLGGHQEAI	0.568924194
-1	795.4	FLVINRLGA	0.569376544
-1	787.569839	CLIQKALFM	0.570014408
-1	782.859575	AASPMLYQL	0.570401179
-1	781.747125	YISDYKMLT	0.570492865
-1	779.7	MLTPINEEA	0.570661926
-1	776.665536	GAVAMSLTV	0.570913344
-1	771.8374827	WMQELRAGA	0.571315401
-1	768.942686	RVQSFKINI	0.571557674
-1	766.429728	KILSASNRL	0.57176873
-1	761.666751	LMFDPRALA	0.572170665
-1	758	AVMDPFIYA	0.572481808
-1	750.458892	YISRDELWA	0.573126469
-1	744.833296	QLCDEITIL	0.573611613
-1	742.749185	IVPDADPPI	0.573792275
-1	740.221529	AIIRMLQQL	0.574012067
-1	736.096684	FLSLSLLVI	0.57437236
-1	729	IFRRDQIWF	0.574996984
-1	725.580936	FINFFNLLA	0.575300091
-1	724.082397	LLGLILFVL	0.575433391
-1	720.143345	SLFYTVATL	0.5757851
-1	719.377953	KMQKEYALL	0.575853663
-1	715.3	VFLPNPAFI	0.576220198
-1	708.269336	IAGALFTFV	0.576857063
-1	701	IGIEILNTI	0.577522231
-1	700	ILLRDAGLV	0.577614273
-1	697.163385	VILKDPRIA	0.57787608
-1	694.557105	SLETENSAL	0.578117568
-1	689.273468	KSMDDDTYV	0.578609923
-1	686.342425	AAMYQYIFL	0.578884682
-1	677.307136	STLIVTIYV	0.579739103
-1	676	LYNLLIRCL	0.579863655
-1	671.8529235	TLYCVHQRI	0.580260414
-1	669.889893	RIPNSLHSL	0.580449076
-1	667.242345	IQLFSDFTI	0.580704403
-1	665.981332	GTSVIRSNI	0.58082637
-1	661	RVFTSAVLL	0.581310441
-1	651.1	GMLRFANPL	0.582283419
-1	648.823082	ALAFDSTRV	0.582509288
-1	639.183449	IVCIVAAVI	0.583474398
-1	637.713603	RLWHYPCTT	0.583622835
-1	634.865464	LLQRANELV	0.58391144
-1	633	SLNSTPTAI	0.584101171
-1	630.97614	AMASTEGNV	0.584307647
-1	625.6941459	FRYNGLIHR	0.584849655
-1	621.808095	VTLQKVLHV	0.585251348
-1	617.4	LSLPRIALV	0.585710054
-1	613.615284	VQEFIFSAL	0.586106513
-1	610.253892	LAFVVFLLV	0.586460683
-1	609.022217	YNAELLVLL	0.586590945
-1	602	KLPDLCTEL	0.58733869
-1	595.864847	FIILLLAIV	0.587999152
-1	591.746759	SLFNTVATI	0.588446298
-1	587.66329	NVVSSSTIA	0.588892768
-1	582.448678	FLRSCHWVL	0.589467445
-1	579.098605	SICLDYIIV	0.589839361
-1	568.586434	SLFNTIATI	0.591020519
-1	567	QLAFTYCQV	0.591200667
-1	565	KIDSMFLMT	0.591428497
-1	557.477805	ALMPLYACI	0.592292667
-1	552.9666647	ALPGPDGVV	0.592816531
-1	550.717734	ITLVVISVI	0.59307929
-1	549.949363	VAMSLTVGA	0.593169311
-1	548.491982	GMLICLTVL	0.5933404
-1	546.204119	CVDHPFIYV	0.593609903
-1	544.601449	TILKALGPA	0.593799365
-1	540	WFMTWQPNI	0.594346449
-1	535.21108	KVYLSTFNM	0.594920794
-1	533.492836	GLAHAAAAV	0.59512812
-1	532	GLVSLVENA	0.595308791
-1	529.77522	CINGAWCTV	0.595578988
-1	526	VLPFDIKKL	0.596040093
-1	525	REVLNVRYM	0.596162787
-1	521.700998	AIIRILQQA	0.596569218
-1	515.555607	FLVFVKPTT	0.597333221
-1	513.6734	RTVIHLEWL	0.597569042
-1	509.8	YLLPAIVHI	0.598057069
-1	507	APRELLQYI	0.598412168
-1	503	SLTSINVQA	0.59892287
-1	500	GLGQVPLIV	0.599308568
-1	495.776425	FLEQQNKIL	0.599855518
-1	495	GLSLSLCTL	0.599956571
-1	491.335183	ALGMRGLVL	0.600435704
-1	479.7	LIWTLDANI	0.601980906
-1	477.8	MVIFRLMRT	0.60223679
-1	468.173872	VNNAVVMPA	0.603549031
-1	466.585283	AVITETIPI	0.60376818
-1	463.356013	LLFLMSFTI	0.604215972
-1	457.477872	LLAQFTSAI	0.605039145
-1	454.799956	SIIDPLIYA	0.605417672
-1	454.009226	MQRIISLSV	0.60552987
-1	449.846832	ILFVVIVGL	0.606123715
-1	448.510229	CISQHQHLA	0.606315573
-1	445.265104	KTITTCYLM	0.606783773
-1	441.394665	QLLKILDNL	0.607346674
-1	434.9666641	AMVPLVMVI	0.608292534
-1	432.714124	RLEARIAQL	0.608627299
-1	429	SLVENALVV	0.609183103
-1	427.2299748	RALLNMIGM	0.609449676
-1	423.106868	HLYSHPIIL	0.61007494
-1	421.797897	MITMSAFLI	0.610274719
-1	420	ALLALTRAI	0.610550131
-1	418.177546	IILVIIVVI	0.610830512
-1	417	KCIDFYSRI	0.611012325
-1	416.7	GLACHQLCA	0.611058727
-1	412.8499455	KLSNAKWLA	0.611657213
-1	410.351042	IISSKQYPA	0.612048658
-1	407.992396	QILEENVEV	0.612420326
-1	405.95534	LLNETAKVI	0.612743052
-1	403.8332645	TLNHNCINV	0.613080974
-1	401.73593	SLNLRETNL	0.613416705
-1	400.551098	FLLFLVLIM	0.613607143
-1	395.236995	KVIKLVKSL	0.614468266
-1	394	TLFPGDDDL	0.614670376
-1	392.325686	MIYDLNAVT	0.614944951
-1	390.776539	GLPMNTGWV	0.615200046
-1	387.348067	LVASLNPNM	0.615768219
-1	384.615385	SIFLHLVKI	0.616224697
-1	383.5453518	CFMYSDFHF	0.616404324
-1	381.773495	IVIYIVQML	0.616702872
-1	380.468418	AQFAPSASA	0.616923657
-1	376.802837	HMMVIFRLM	0.617547853
-1	375.38831	SLRAEDTAV	0.617790352
-1	371.8129592	SLVITYCLV	0.618407388
-1	368.692523	YLIVFVLTI	0.618950784
-1	362.608201	KLQAAVMET	0.620023667
-1	360	ARWLFPVYL	0.62048911
-1	357.1	KIWEELSVL	0.621010601
-1	354.6373143	ALFEDYPGC	0.621456788
-1	351.0354831	MLYQLLEAV	0.622114977
-1	348	MTSCVSEQL	0.622674937
-1	347	IVRTNRNEL	0.622860479
-1	345.813593	LVWYTVFGA	0.623081302
-1	345	SLYPPCLFK	0.623233172
-1	339.687381	EMDKDDESL	0.624233751
-1	336.733825	RTWCRLLQV	0.624796814
-1	334.956788	IILFILFFA	0.625137972
-1	333.487556	DLWNVMYTL	0.625421406
-1	333	MIIIVIAII	0.625515738
-1	333	MLLAVLYCL	0.625515738
-1	330.6373008	WAPEGDIRL	0.625974836
-1	326.60048	LVMDKNHAI	0.626766879
-1	325.476338	LISSDGARV	0.626989184
-1	325	RIRKDFGKR	0.627083614
-1	323.304804	VLSLSAYNI	0.627420799
-1	321.820074	YLFFGRRRV	0.627717576
-1	319.6663188	SMELPSFGV	0.628150525
-1	316.995579	MLYVIFPGT	0.628691468
-1	315.8766185	AILGVLATL	0.628919463
-1	312.8332445	NLIDWFNQT	0.629543679
-1	312.582875	ALSALLTKL	0.629595302
-1	312	SVDFYQFRV	0.629715642
-1	310	MVVKVNAAL	0.630130279
-1	308.9	ILFQRTFSI	0.63035947
-1	307.363592	RTLLPILLL	0.63068096
-1	305.04	VLSDFKTWL	0.631170232
-1	304.299326	WLSGYSIAT	0.631326978
-1	302.8043941	KVTRFYFNM	0.631644508
-1	300.941332	SIKDSMYVI	0.632042433
-1	300	GLIQLVEGV	0.632244426
-1	298.368663	CAPHRVSGV	0.632595989
-1	295.813751	GLKSKTHAV	0.633150468
-1	293.556374	IVFVFILTA	0.633644374
-1	292.637447	CVLTTIDGV	0.63384652
-1	291.090174	ELVRYIELV	0.63418833
-1	290.244785	FTLVASVTI	0.634375854
-1	289.524448	MINKLYGYA	0.63453607
-1	287.652782	ELWWVFYAA	0.634954235
-1	284.7664754	SQGRGWFLL	0.635604451
-1	283.559367	KMEDSVGCL	0.635878341
-1	281.66258	ILAKYRKSV	0.636311082
-1	280.603018	ELLEMKYAL	0.636554085
-1	279.226969	GLPSGLFQA	0.636871045
-1	278.080249	GLDVKNVQL	0.637136377
-1	277.6438278	ILKEPVHGV	0.637237645
-1	275.872606	TVIKTLLEV	0.637650284
-1	273.725274	SLAYNKFSI	0.638154113
-1	272.4	GLICGLRQL	0.638467038
-1	269.174352	CINGVWCTV	0.639235089
-1	267	SMNATLVQA	0.63975803
-1	265.419098	VVTAIVYVV	0.640140924
-1	264.105338	FLRGRAYGI	0.640460856
-1	262.901749	LLYMTSATI	0.640755358
-1	261.9666624	DMYDQQLSV	0.640985094
-1	260.976357	KLVANNTRL	0.641229292
-1	258.295584	IQYRQQLEL	0.641895017
-1	255.99017	SQVSFQQPL	0.642473078
-1	254	FLMRNAIQY	0.642976297
-1	252.292528	KLHLYSHPI	0.643411188
-1	251.039696	GLIVGTAFI	0.643732158
-1	250.287616	AVFGVVAIV	0.643925609
-1	250	NQMIFVSSI	0.643999743
-1	249.215283	SMFSTVATI	0.644202442
-1	247.175479	VLQWASLAV	0.644732342
-1	246.020935	ELMESRMRI	0.64503421
-1	243.954952	KINPTLDNI	0.645577937
-1	241.291624	IVVPVIDRL	0.646285708
-1	240	VELQIGWTV	0.646631771
-1	239	IAHGFEQYI	0.646900981
-1	238.1	ALIHHNTHL	0.647144235
-1	238	VLETAVGLL	0.64717132
-1	235.6998091	KTIECSKEL	0.647797488
-1	234.764922	IMFKDDNII	0.648053735
-1	234.37097	VLAAGVLVV	0.64816202
-1	233.78	GLVFHSQPI	0.648324802
-1	231.261531	FIDTVSVYT	0.649023156
-1	229.6128858	YVNAILYQI	0.649484445
-1	228.758243	KLLIVLTCI	0.649724878
-1	228	WLSDCGEAL	0.649938944
-1	227.2	MLGNAPSVV	0.650165573
-1	226.9889865	VLRDDLCEA	0.650225483
-1	225	ALKMTMASV	0.65079294
-1	222.6497249	YIFRNTINM	0.651469974
-1	221.627647	RMGAVTTEV	0.651766633
-1	219.7825	FMKDGRSLV	0.652305668
-1	218.8332063	ILWGYGFLQ	0.652584758
-1	217.4	LLFLLLADA	0.653008418
-1	217.3	GLVDFVKHI	0.653038083
-1	217	FMKVKFEAL	0.653127158
-1	215.635303	GLCIRISMV	0.653533922
-1	213.461076	KQYGDIDLL	0.654187323
-1	212.515878	FLFILLLCL	0.654473453
-1	211.0798259	NISGYNFSL	0.654910619
-1	209.972584	MIDDSIEGI	0.655249724
-1	209.064456	MQFVDRFVV	0.655529185
-1	208.3	CQLAKTCPV	0.655765377
-1	206.531303	KLPTWLGAA	0.656315184
-1	204.833578	VIACLLVAV	0.656847377
-1	204.116552	ILSLETVKM	0.657073472
-1	202.053069	RLIQNSLTI	0.657728596
-1	200.083823	HLCRYVALL	0.658360071
-1	199.679804	MVDVSMMSM	0.658490395
-1	198.706215	LLSGAGEHL	0.658805531
-1	197.4841766	SLMAFTAAV	0.65920328
-1	196.2141687	ALAKAAAAL	0.659619258
-1	195.8449293	YLRNFLAAP	0.659740704
-1	194.273921	YLLNYAGRI	0.660259994
-1	193.587197	ALSPALTAL	0.660488309
-1	192.307692	AMLQLDPNA	0.660915872
-1	191	LPTWLGAAI	0.661355805
-1	189.6995251	AMQDPNPEV	0.661796306
-1	188.9998677	SLQPRSHSV	0.662034548
-1	187.649407	ILDSVGIEA	0.6624969
-1	187.053096	LVVTAIVYV	0.662702117
-1	185.520027	CLAEYCTSL	0.663232731
-1	185.1	GLYRQWALA	0.663378873
-1	184.382265	MLLVHYAII	0.663629367
-1	183	KLHCTERSL	0.664114546
-1	181.223281	DLLNVKMAL	0.664743589
-1	178.666441	EMIRYMALV	0.665659742
-1	178.279628	AIMDKNIIL	0.665799483
-1	177.833177	KLQWLFAAL	0.665961147
-1	177.1229629	AVAKAAAAV	0.66621916
-1	176.557785	LLSGLPTYA	0.666425223
-1	175.348354	GLILFVLAL	0.666868405
-1	174.634578	YVDIDVYCI	0.667131397
-1	173.936028	AMGAASLTL	0.667389821
-1	172.927459	AIMESDSFL	0.667764772
-1	172.80478	LMGTITLNA	0.667810529
-1	172	SMPPPGTRV	0.668111505
-1	170.276311	LLIAILGPL	0.668760904
-1	169.328148	AISYCRAFI	0.669120933
-1	168.638102	WMYRQQNPI	0.669384221
-1	167.862271	LVPFVQWFV	0.669681531
-1	166.8499326	RLLGSLNST	0.670071546
-1	166.666667	VLIALSVLA	0.670142404
-1	166.448477	IMAFILGII	0.670226867
-1	165.619884	MVIACLLVA	0.670548634
-1	164	VILGVLLLI	0.671182358
-1	162.9666598	ETDLNQWMV	0.671589896
-1	162.003547	IILLFDFSI	0.67197207
-1	161.261179	FLATAGSAM	0.672268204
-1	161	TLDSQVMSL	0.672372713
-1	160	SMIEAESSV	0.672774433
-1	159.08806	LLQFIVFLL	0.673142971
-1	158.600518	KIFRCLTVL	0.673340867
-1	157	FLHPKHWGT	0.67399483
-1	156.921827	IMTIDLDSV	0.674026941
-1	156	RLAELIGPA	0.674406817
-1	155.027192	MVISLLSMI	0.674810143
-1	154.048477	RLTSNEIFI	0.675218481
-1	153.8331526	YMQQVSEGL	0.675308666
-1	152.735986	DVMLVTLPV	0.675770166
-1	151.764285	ELCEGTTVV	0.676181669
-1	151.046636	RLIRGKMTL	0.676487279
-1	150.451736	TLKEGTMEV	0.67674172
-1	148.773565	MAFDISVNA	0.677464937
-1	148.28138	KMDIDVEYL	0.677678594
-1	147.06337	LLANGNVYA	0.678210397
-1	147	QLIPCMDVV	0.678238186
-1	146.2234381	LVGPTPVNI	0.678579697
-1	145.989117	NTSWNDTVT	0.678683101
-1	145.067512	SLNARGLLV	0.679091416
-1	143.7852895	HLYQGCQVV	0.679663837
-1	143.141468	IFLLVLLDY	0.679953186
-1	143	WLDSVIQYL	0.680016939
-1	142.297703	MLCLLLLSV	0.680334371
-1	142	AMAAGLSSL	0.680469403
-1	141.508745	FAASANFFL	0.680692846
-1	141	WLWYIKIFI	0.680925063
-1	140.429631	RTNEEFDPV	0.681186408
-1	139	IYDFYNAEY	0.681846161
-1	137.044582	FLCAKCLGA	0.68275963
-1	136.7757395	TLVPQEHYV	0.682886238
-1	136.050034	TMSIYIAVA	0.683229244
-1	135	GLYNLLIRC	0.683728798
-1	134.796433	VVFVVFMGV	0.683826095
-1	134.218831	KIDKLTFQI	0.684102966
-1	133.8	GLAWIPYFG	0.684304478
-1	133.324221	QLLADFPEA	0.684534156
-1	132.578592	YFHALVYFV	0.684895755
-1	132	GLDVLTAKV	0.685177752
-1	131.513401	ALLPAPITL	0.685415872
-1	130.420914	FTGITLFLL	0.685953711
-1	129.870229	SLFKNVRLL	0.686226528
-1	129.385253	FVYTPSPYV	0.686467751
-1	128	RLLERCAKL	0.687161777
-1	127.76624	ALKEAIEMV	0.687279634
-1	127.316371	QLLSAVDYI	0.687507055
-1	126.623618	ITAIYVFCI	0.687858838
-1	126.384202	IIFLFILLL	0.687980862
-1	125.917207	MMMNWSPTT	0.688219544
-1	125.078929	LLTACTIFY	0.688650219
-1	124.9833311	YLDADREFL	0.688699516
-1	124.148426	FCSDALTLI	0.689131668
-1	123.7662262	GLYPQLSAI	0.689330467
-1	123.490982	EVGIKSVVV	0.689474015
-1	122.436915	GVWALPDPI	0.690026714
-1	122.166718	QLIFFLTLA	0.690169158
-1	122	KQWSWFSLL	0.690257207
-1	122	SLPPPGTRV	0.690257207
-1	121.336705	ILKKIIPTL	0.690608708
-1	120.544574	GLFGKGSLV	0.691031009
-1	120	FGLLPEHYV	0.691322946
-1	119.546357	CINGVCWSV	0.691567149
-1	119.114637	SGMLWMAEV	0.691800413
-1	119	GLLDWGMQQ	0.691862495
-1	116.633102	GLDLENLYA	0.693157836
-1	116	LLGQNTPAI	0.693508773
-1	115.5867626	ATQPVHWFL	0.693738871
-1	115	KLADYLLLQ	0.694067008
-1	114.537116	LITMLSIIL	0.694327052
-1	114.430874	NLVIGFLFL	0.694386886
-1	113.544966	AIALGVATA	0.69488799
-1	112.8999114	LLLRPFWPA	0.695255325
-1	112.123755	GLVDVCFWS	0.695700109
-1	111.7661789	GIYCTVPFI	0.695906058
-1	110.880015	FLTTPVPSL	0.696419306
-1	110	GLWLSVAAV	0.696933068
-1	109.517655	IAPNASLGV	0.697216413
-1	108.897749	IITILQDIV	0.697582404
-1	107.977238	ELMYIFAAL	0.698129733
-1	107.771941	ALKGTNESL	0.698252437
-1	107.233568	YIPPCQCTV	0.698575332
-1	106.72239	SLENFRAYV	0.69888342
-1	106.468781	SLMAFTASI	0.699036819
-1	106	KTVLELTEV	0.699321332
-1	105.8330706	KIFEYGFTF	0.699422949
-1	105	LLRRRPYPL	0.699932481
-1	104.96948	HLIFSYAFL	0.699951224
-1	104.28783	AVVYSTCTV	0.700371282
-1	104.080424	VIVIYIFTV	0.700499638
-1	104	KLWASFFQG	0.700549478
-1	103.655859	GMEAQFLYL	0.700763185
-1	103.071042	ALEAKIAQL	0.701127982
-1	102.184075	MLDTWNEDL	0.701685222
-1	101.8999018	FLYGWLFIL	0.701864778
-1	101.123276	FMPDFSRVI	0.702358059
-1	101	FMNRFYITT	0.702436708
-1	100.547697	HLECRTFFL	0.702726094
-1	100	RIWSWLLGA	0.703078262
-1	99.89683538	ALCKVTVPT	0.703144813
-1	99.658441	VLWTVFHGA	0.703298862
-1	98.767286	ILDAARPAV	0.703878003
-1	98.263353	ATAGWTFGA	0.704207815
-1	98	SLLEIGEGV	0.704380847
-1	97.691018	YLYGIGSAV	0.704584452
-1	97	NLNFDQAAL	0.705042142
-1	96.76211	LIQDWIPPL	0.705200462
-1	96.211315	FAVQTIVFI	0.705568523
-1	96.1	RLLDDTPEV	0.705643163
-1	95.69905759	ILDGKNCTL	0.705912728
-1	94.530386	RLPLYEALV	0.706704949
-1	94.3	ALLSDWLPA	0.706862279
-1	94.062888	LLLMGCDIV	0.707024603
-1	93.51807205	NLFEKFFPS	0.707399135
-1	93.06766542	ALDQACFRI	0.707710417
-1	93	IPDGWWWAI	0.707757311
-1	92.42255	EMVELRILL	0.708158898
-1	92	QLQCHQIAI	0.708454353
-1	91.337547	LQQSTYQLV	0.708920295
-1	91	RILGAVAKV	0.709159013
-1	90.092109	YLSRRLNPL	0.709805506
-1	89.773511	ITMSAFLIV	0.71003392
-1	89	TVIEGLDKL	0.710591866
-1	87.925179	CLSDLLGFL	0.711375256
-1	87	ALRQANIGV	0.712057287
-1	86.489909	HTICDDYFV	0.712436428
-1	85.948346	VLADAINGL	0.712841417
-1	85	LLAALFHDI	0.71355679
-1	84.727277	LLFILFYFA	0.713763993
-1	84.274151	SLNSMYTRL	0.714109738
-1	84	GLADQLIHM	0.714319825
-1	83.517333	FTQKSLFPI	0.714691374
-1	83.119699	FLPRVFSAV	0.714999082
-1	82.521233	FSAVISGSV	0.71546499
-1	82	LLNATDIAV	0.715873533
-1	81.518859	MLLIAQAEA	0.716252963
-1	81.295838	AIIGLCAYA	0.716429599
-1	80.89711696	KILSDENYL	0.716746603
-1	80.433621	LLSMITMSA	0.717117076
-1	80.383179	KVCAITPTI	0.717157523
-1	80.075784	VILFIMFML	0.717404558
-1	79.89987474	ALVSEVTEV	0.717546353
-1	79.075776	ALNIALVAV	0.718214819
-1	78.797997	SVIFYFISI	0.718441709
-1	78	LIDNPDNNL	0.719097992
-1	77.95758652	LTFGWCFKL	0.719133061
-1	77.184162	RLTEDDFGL	0.719775925
-1	77	NLYVSLLLL	0.719929948
-1	76.9	TVLRFVPPL	0.720013737
-1	76.43311	LILNFLDWI	0.720406388
-1	76.219633	SLLDSLLVM	0.72058672
-1	76	NLGNLNVSI	0.72077278
-1	75.7576	YLVAYQATF	0.720978752
-1	75.43820303	LITNTIAGV	0.721251159
-1	75.175551	LLANTVRYL	0.721476035
-1	74.968478	IILEFFLMV	0.72165388
-1	74.684922	AIMDKNIML	0.721898212
-1	74.193515	FTATSIARV	0.722323847
-1	74	RLASSVFDL	0.722492235
-1	73.917168	FANDKFTLV	0.722564446
-1	73.3849719	GMLPVCPLI	0.723030344
-1	72.89241996	FLPGQYMNI	0.723464557
-1	72.679112	ILLAELEQL	0.723653512
-1	72.126157	KLEEEQIIL	0.72414593
-1	71.685045	IIITVGMLI	0.724541464
-1	71.333099	KVYGRYSAV	0.724858794
-1	71.085915	YVHGDTYSL	0.725082604
-1	70.8904	YQGDYKLFL	0.725260183
-1	70.715983	LITWLIDYV	0.725419013
-1	69.4	SIISAVVGI	0.726630173
-1	69	ISDPLTSGL	0.727002866
-1	68.33391	GLFAEDSPL	0.727628305
-1	68.244971	YLYIMRVMA	0.727712277
-1	68	CILESLFRA	0.727944135
-1	67.87098233	YQLAVTIMA	0.728066582
-1	67.40312164	ALMTLDDLA	0.728512577
-1	67.04175	AMTMFYPGV	0.728859184
-1	66.9925369	DMWEHAFYL	0.728906531
-1	66.84983171	VVMGTLVAL	0.729044021
-1	66.640633	NLPIYSEEI	0.729246107
-1	66	SLRNWIATL	0.729868927
-1	65.8998481	GMAEDLQSL	0.72996684
-1	65	YLEPGPVTI	0.730853308
-1	64.96664956	VLFIHPLDA	0.730886398
-1	64.77253828	FLEQGGFKA	0.731079331
-1	64	SLYAVSPSV	0.731852952
-1	63.84435617	EQEFLTAAL	0.732009944
-1	63.27880965	IMIGVLVGV	0.732583628
-1	63	ILLEPVHGV	0.732868339
-1	62.4967513	FLKDVMESM	0.733385444
-1	62.439261	ILPDKIDGL	0.733444782
-1	62	RIFYNILEI	0.733899973
-1	61.4286	FTDQVPFSV	0.734496944
-1	61.049733	TMRDDLPLV	0.734895836
-1	60.910266	FMFSTAATI	0.735043298
-1	60.438119	FMSVVNTNI	0.73554503
-1	60.238654	LTAAVLMLA	0.735758173
-1	60	LLPEQLLKI	0.736014121
-1	59.87619	CLLCNLLLV	0.736147304
-1	59.4654744	YSLEYFQFV	0.736591093
-1	59.08875478	LLASMVEEA	0.737000853
-1	58.84942455	IMGAVLIWV	0.737262532
-1	58	VLQQSTYQL	0.738199948
-1	57.291397	QLDMIITAV	0.738992518
-1	57	VLFRLENHA	0.739321293
-1	56.76570493	FVAEGDALV	0.739586863
-1	56.099927	TLFLLFLEI	0.740347538
-1	56	RMYSPISIL	0.740462487
-1	55.790858	LLILSCIFA	0.740703734
-1	55.480589	SLLSLEHTL	0.741063303
-1	55.103543	MMWYWGPSL	0.741502975
-1	55	VMMSCSSEA	0.741624243
-1	54.613234	STISWMMKL	0.742079245
-1	54.442294	ITNGYLISI	0.742281371
-1	53.88308036	KLAEIFQPF	0.74294707
-1	53.57238	ELACLLMYL	0.743319926
-1	53.355039	KIIDNFEKL	0.743582033
-1	52.877623	FLLKQFHAA	0.744161553
-1	52.510059	YMPTVIEHL	0.744611303
-1	52.437518	VLAAVLLGA	0.744700436
-1	52.073269	QLIIQAFEA	0.745149869
-1	51.923737	YILNKPVFI	0.745335282
-1	51	LYKTIVNIW	0.746492648
-1	50.884585	LLVAAGMEA	0.746638725
-1	50.063591	IILLILSCI	0.747687488
-1	50	ILSSLGLPV	0.747769437
-1	49.91956011	KQLAAVARV	0.747873249
-1	49.101805	QLQDTQELL	0.748938202
-1	49	GTTSLFLHL	0.749072022
-1	48.79876372	TFWMGSHEV	0.74933736
-1	48.412677	KTDGIPITI	0.749849509
-1	48	AQRWANQIR	0.750401465
-1	47.978372	FLARFWTRA	0.750430524
-1	47.74109	AILHNIYRL	0.750750186
-1	47.559665	YVFCTVNAL	0.750995673
-1	47.21718766	YVSSIFLHL	0.751461642
-1	47	VTGCASLYV	0.751758899
-1	46.526998	FANNEFTLV	0.752411062
-1	46.24399987	SLYNTVATL	0.75280443
-1	46	RLQDGEPYL	0.753145528
-1	45.78438437	FLEESHPGI	0.753448455
-1	45.5	YLEPGPVTV	0.753850188
-1	45.239901	SLAADLEKL	0.754219818
-1	45	IMALKQAGL	0.754562634
-1	44.889052	VLDEVMSTL	0.754721796
-1	44.394036	FMFSTVATI	0.755436754
-1	43.96082551	TLTSCNTSV	0.756069018
-1	43.48492272	TVYPKTHYV	0.756770813
-1	43	SLADQLIHL	0.757493854
-1	42.944784	YAYGWIPET	0.7575767
-1	42.74939867	MMLVPLITV	0.757870714
-1	42.392749	SLVENNFFT	0.758410878
-1	42.121477	HMMKDEPVV	0.758824786
-1	42	FLDDASNSA	0.759011
-1	41.635026	FAIEALAKA	0.759573734
-1	41.049121	KLGEFLERL	0.760487507
-1	41	TLKPGTMSV	0.760564708
-1	40.80685687	LLMGTLGIV	0.760869158
-1	40.504573	SLFNTVATV	0.761348551
-1	40	IIDQVPFSV	0.762156782
-1	40	LMDALKLSI	0.762156782
-1	40	ITMQVPFSV	0.762156782
-1	39.86621974	TLTRGQNTV	0.762372783
-1	39.671274	YMPTVIEEL	0.762688842
-1	39.257913	YLLEKSRAI	0.763364182
-1	39.022882	TLLDQNNAL	0.763751348
-1	39	FLALIICNA	0.763789166
-1	38.69766226	YTLNDAPYI	0.764290946
-1	38	GIVCYNEEV	0.765463955
-1	37.93321603	ILDGENCTL	0.765577369
-1	37.462358	HLMRDPALL	0.766382703
-1	37	VLLAFLNSM	0.76718341
-1	36.760495	VMVTITQNV	0.767602125
-1	36.508134	KIWMAPSLT	0.768046277
-1	36.303327	RLDKVEAEV	0.768408998
-1	36.050226	GLWVCATSL	0.768860087
-1	35.86616977	ALSMGINTV	0.769190114
-1	35.7	ATVGIMIGV	0.769489528
-1	35.39181045	YLISIFLHL	0.770048548
-1	35	FIQNIDFKA	0.770766317
-1	34.96663487	KVFFVNWFR	0.77082781
-1	34.800339	TLIPRLFAL	0.771135178
-1	34.64101615	FIDSYICQV	0.771431039
-1	34.4	ITWQVPFSV	0.771881199
-1	34.037516	ALLRMCALV	0.772564205
-1	33.891227	QIITLTAFV	0.772841911
-1	33.67938852	RLITANPVV	0.773246184
-1	33.333333	IMTSYQYLI	0.773912099
-1	33.0769	ITYQVPFSV	0.774410028
-1	33	YIMKLHHLV	0.774560101
-1	33	KMFCQLAKV	0.774560101
-1	32.795101	GTYAVNIHV	0.774961683
-1	32.573907	LIQEIVHEV	0.775398027
-1	32.08295	KIGDKFQTV	0.77637721
-1	31.80382847	FTWYGIAAL	0.776940603
-1	31.25	YLVAYQATT	0.778073267
-1	31.170559	KLAVYYYII	0.77823738
-1	31	VLFLQMMNV	0.778591147
-1	31	KQWGWFALL	0.778591147
-1	30.91979266	IMDASSFTL	0.778758184
-1	30.099008	ALSPVLPPM	0.780492858
-1	29.730273	GLSQFTQTV	0.781287612
-1	29.668734	FVSCDFTIV	0.781421209
-1	29.4118	YLVAKQATV	0.781982007
-1	29.0461938	YLTLGGHTV	0.782788502
-1	29	RMYGVLPWI	0.782891123
-1	28.89965318	WTLETLPRV	0.783114611
-1	28.72006123	ILISLINSL	0.783516534
-1	28.18177388	CLGGLLTMV	0.784736443
-1	28	LAIVTTPLV	0.785153661
-1	28	RMQFSSFTV	0.785153661
-1	27.964888	NLAADLTQI	0.785234565
-1	27.89991	TLLNETAKV	0.785384552
-1	27.784944	IIPFIAYFV	0.785650783
-1	27.66261775	GLYEAIEEC	0.785935272
-1	27.41678543	GLMWLSYFV	0.786510816
-1	27.309023	IVALTIMGV	0.786764739
-1	27.10715313	YAMCTNTFV	0.787243118
-1	27	MLAKYDHLV	0.787498492
-1	27	VVPYEPPEV	0.787498492
-1	27	GMFANRWII	0.787498492
-1	26.85963138	IMDEPTSSL	0.787834565
-1	26.689523	GLLATPLFL	0.788244204
-1	26.595034	MVNHSTYYV	0.788472873
-1	26.311918	GLLGWSPQA	0.789162925
-1	26	AMRWGHLPL	0.789931827
-1	26	ALADQAEAV	0.789931827
-1	26	KMFNSVGGA	0.789931827
-1	25.75044908	QLWTTLLSL	0.790553662
-1	25.643475	SISSVLTIL	0.790822069
-1	25.537217	WLGAAITLV	0.79108979
-1	25.314102	ALGERLDAV	0.79165558
-1	25.133992	LLTDTIESA	0.792115965
-1	25	RVIEVLQRA	0.792460612
-1	25	SMLPPGYPV	0.792460612
-1	24.89563403	SLNQTVHSL	0.792730338
-1	24.483896	KLYEELCDL	0.79380559
-1	24.3	GLLGVVSTV	0.794291689
-1	24.128876	FIDSYLQKL	0.794747342
-1	24.03852	LLANNPPPV	0.794989239
-1	24	HIMPNSFRV	0.79509264
-1	23.626532	LIPETVPYI	0.796103846
-1	23.448782	LVLQAGFFL	0.796590752
-1	23.292946	AMGLVFICV	0.797020675
-1	23.016429	GLFFSVYAL	0.797790664
-1	22.89956204	RVATENIAV	0.798118876
-1	22.794066	RLWHYPCTI	0.798416596
-1	22.727393	KIFGSLAFL	0.798605465
-1	22.7	VLIQRNPQL	0.798683223
-1	22.649864	KLQEMEGTV	0.798825784
-1	22.31994189	FLIAYQPLL	0.799771857
-1	22.062098	GLNGDSFRV	0.800521027
-1	22	LLLLGLWGL	0.800702763
-1	21.89942611	QIFNIISYI	0.800998192
-1	21.78790403	ALVAFLRFL	0.801327371
-1	21.336912	FIYSIMETI	0.802675973
-1	21.153271	YTDEVYDYL	0.8032333
-1	21	ALYWALMES	0.803702175
-1	20.833333	GLVGLVTFL	0.804215929
-1	20.81979114	IILEFFLIV	0.804257853
-1	20.55119	NMLSTVLGV	0.805095082
-1	20.447615	ETDDYMFFV	0.805420852
-1	20.224352	TLLGDGPVV	0.80612872
-1	20.059329	RLWHYPCTA	0.806656976
-1	20	ILSQVPFSV	0.806847957
-1	20	VLADDLLEA	0.806847957
-1	20	WLYDLWGQL	0.806847957
-1	19.846733	SLSHNFTLV	0.80734396
-1	19.746434	VLVDNVDFA	0.807670625
-1	19.708161	MMNITRLEV	0.807795715
-1	19.61122128	FLLPDAQSI	0.808113638
-1	19.51252	NLWNGIVPM	0.808438957
-1	19.4747634	TLMNVITLV	0.808563838
-1	19.369817	FLDWIKDIM	0.808912227
-1	19.07323846	VLPFDIKYI	0.809907075
-1	19	VLAGLLGNV	0.810155129
-1	19	ALSGFCAAV	0.810155129
-1	18.928356	KMIKNLTQL	0.81039871
-1	18.8544411	GMLSSLHTL	0.81065098
-1	18.706433	MVMELIRMI	0.811159114
-1	18.69513443	VLYHRYNLV	0.811198068
-1	18.454898	KLLNMRDLI	0.812031965
-1	18.13097421	TMLEDHEFV	0.813173704
-1	18	RLYEWQHVS	0.813641153
-1	18	ILAAIAVGV	0.813641153
-1	17.9	AVIGALLAV	0.814000351
-1	17.857143	LMDCIMFDA	0.814154906
-1	17.77638883	LMIGTAAAV	0.814447142
-1	17.48478	GLAVVLWSL	0.815513591
-1	17.455247	MLAFQPTYL	0.815622587
-1	17.28414	RMGTVTTEV	0.816257736
-1	17.200981	KSGLFQFFV	0.816568696
-1	17.098173	LLIHFLLSL	0.816955215
-1	17	YLEEQHTNL	0.817326484
-1	16.922567	FIPQYLSAV	0.817620834
-1	16.809688	RVIGLCIRI	0.818052349
-1	16.733871	ATNIFPFFV	0.818343813
-1	16.672781	LLLAGIPLA	0.818579624
-1	16.606726	YLCSLAVVL	0.818835574
-1	16.394195	YLGAFLSVL	0.819666053
-1	16.132899	FMIVSISLV	0.820701966
-1	16.027447	MMLRDRWSL	0.821124792
-1	16	IMIGHLVGV	0.821235301
-1	16	KLLPVHYYM	0.821235301
-1	15.94497551	FANYNFTLV	0.821457417
-1	15.79873413	YAIDLPVSV	0.822051493
-1	15.74801575	GVFEGIAVL	0.822258812
-1	15.543568	RLPPNTFFA	0.823101345
-1	15.51807864	RLLTKPWDV	0.823207164
-1	15.437017	ALVAWLTHA	0.823544848
-1	15.307076	KLYTIVSTL	0.824089869
-1	15.164574	FTNDVSFLA	0.82469292
-1	15.09966887	FVWLHYYSV	0.824969472
-1	15	FLKNRFEAL	0.82539647
-1	15	YTWNGTQWV	0.82539647
-1	14.936484	GLLDSIKMI	0.825670066
-1	14.87866757	LMLLALIAV	0.825920124
-1	14.69379163	ILYNEYNFV	0.826726291
-1	14.562153	FLTGTFVTA	0.827306518
-1	14.49220963	YLSGTDDEV	0.827616947
-1	14.39599	AIMDKNIKL	0.828046455
-1	14.3	MLGTHTMEV	0.828477808
-1	14.22440264	VVLGVVFGI	0.828819565
-1	14.202891	HLEECSCYV	0.828917146
-1	14.082824	ILDNAAKYV	0.829464522
-1	14	AIDDFCLFA	0.829844836
-1	14	LLFLKDVEP	0.829844836
-1	13.881952	YVGDTSMMV	0.830390801
-1	13.8	MTYAAPLFV	0.830772561
-1	13.72808631	FLAFFSNGV	0.831109431
-1	13.69976365	LMMTTIGIV	0.831242589
-1	13.6075	LLLGLMILL	0.831678282
-1	13.490168	KLYLVDYGL	0.832236641
-1	13.430737	SLSMTCIAV	0.832521317
-1	13.242387	SMMSFSAAL	0.833431912
-1	13.193376	FMQALQLLL	0.833670984
-1	13.145924	RLTGVTSLV	0.833903299
-1	13.047892	MLATGMKNV	0.83438591
-1	13	YVIEPAAGL	0.834623002
-1	13	SIYHTGVEL	0.834623002
-1	12.982896	IMEYHLLFA	0.834707888
-1	12.9329885	SAWESFWRI	0.834956217
-1	12.807809	ALSGVFCGV	0.835583323
-1	12.778365	LAMSTTISV	0.835731717
-1	12.742382	SLSTYTVPI	0.835913533
-1	12.68069399	LLLEAGALV	0.836226429
-1	12.593063	SLSHDFTLV	0.83667354
-1	12.522728	LLVAPMPTA	0.837034661
-1	12.499023	NMQTVKLFV	0.837156826
-1	12.453623	KLLWAVEPL	0.837391447
-1	12.418665	FLAPELVRA	0.837572688
-1	12.35394	IMFMLIFNV	0.837909609
-1	12.21992623	LLQLTVWGI	0.838612854
-1	12.03849	SILTLKMFL	0.83957734
-1	12.02152	RLGAVILFV	0.839668292
-1	12	NMNNDSYYF	0.839783815
-1	12	AIVGGLAEL	0.839783815
-1	11.909258	YQVNNLEEI	0.840273222
-1	11.870116	VIHDYICWL	0.840485483
-1	11.797631	ILIRLTLLL	0.840880412
-1	11.687895	QLFSFFEEV	0.841482941
-1	11.629298	FLGSCICFI	0.841807002
-1	11.558791	SLIAIIKGV	0.8421991
-1	11.479461	LMWLSYFVA	0.842643134
-1	11.4667	ILAQVPFSV	0.842714847
-1	11.336016	SLSSIRFHI	0.843453885
-1	11.29342349	GMFNMLSTV	0.843696595
-1	11.207162	RLNDFLGLL	0.844190964
-1	11.106711	ILLMTVTSI	0.844771473
-1	11	CLSDEINHV	0.845393937
-1	10.998608	FLSAKTLTV	0.845402097
-1	10.921232	FIYLALLEA	0.845857291
-1	10.841749	LMTGDTYTA	0.846328251
-1	10.725758	KIAPGIADI	0.847021765
-1	10.648921	SLVEMMWDL	0.847485317
-1	10.610321	FAGKTVWFV	0.847719452
-1	10.560947	LLYFVCLGV	0.848020184
-1	10.508405	RMDLGVPLL	0.848341759
-1	10.403866	ALATALTEA	0.848986384
-1	10.365046	SLIYYQNEV	0.849227412
-1	10.28916	YLLAWKQVL	0.849701197
-1	10.241764	LLNNYDVLV	0.849998885
-1	10.156079	KTMAMVLSI	0.850540573
-1	10.016445	VLFTFVLLL	0.851433188
-1	10	VLYCVHQRV	0.851539131
-1	10	FMVYVPLPA	0.851539131
-1	10	ALSSDGDTV	0.851539131
-1	9.992405	SMGLITIAV	0.851588119
-1	9.965710856	ILAKAIFKL	0.851760593
-1	9.828573	LMWFIISIV	0.852654003
-1	9.793549	FVTIYSHLL	0.852884172
-1	9.682228859	FLNEDHWFS	0.853621244
-1	9.654841	SLYDVEFDA	0.853803883
-1	9.580487	GLAAAVVAV	0.854302346
-1	9.541874	YLCPVLVFV	0.854562733
-1	9.43396	YLKAYQATV	0.855296077
-1	9.347895	ALVELNSGV	0.855886982
-1	9.327129	LLAFDTQPV	0.856030372
-1	9.280734	VLYPVIFIT	0.856351887
-1	9.25926	YLVAYKATV	0.856501246
-1	9.211603	AINGVCWTV	0.856833957
-1	9.133024	AVNGVMWTV	0.857386322
-1	9.073565	MMAKEEELV	0.857807453
-1	9.036270411	LLALQQLEV	0.85807301
-1	9.003144	FTNSQIFNI	0.858309808
-1	9	MQACPVDAI	0.858332328
-1	9	KLIDVSKCI	0.858332328
-1	9	RLREALCAV	0.858332328
-1	8.92157	YLYPGPVTV	0.858896661
-1	8.898867844	RAWGRRLMI	0.859060937
-1	8.845074	TIWAANAGV	0.859451877
-1	8.804991	FIHGGILYA	0.859744724
-1	8.754432	KLLWFLTGT	0.860116016
-1	8.680427	VTFDTLFMV	0.860663375
-1	8.62069	YTVAYQATV	0.861108618
-1	8.6	LLFGAPVYV	0.861263548
-1	8.501989	RLCLDVPPV	0.862002573
-1	8.431508	LLMNELLRV	0.862539301
-1	8.372835627	RLWHYPCTV	0.862989537
-1	8.300469	FLLRHLSSV	0.863549225
-1	8.169692	ITMTTVYHI	0.864573152
-1	8	ALDAYHASL	0.865926476
-1	8	KLSDSKITV	0.865926476
-1	8	WVIDTLNGI	0.865926476
-1	7.936874	VLCGIAWYV	0.866437256
-1	7.86438058	KLYDSVYLT	0.867028867
-1	7.8299	FVILYLLAV	0.867312176
-1	7.762429	GIFCFRILL	0.867870177
-1	7.651748	MLSVVGFLV	0.868796125
-1	7.633846273	ILTDGPERV	0.868947146
-1	7.613162	YVLHFACLV	0.869122084
-1	7.567642	ILSDDMLNI	0.869508749
-1	7.483765	ILAKDFLLV	0.870227364
-1	7.45902	YLWPGPVTV	0.870440906
-1	7.4	ALFGYPVYV	0.870953104
-1	7.289514	LTFWQIDYL	0.87192302
-1	7.250761	LVIGVAFLA	0.872266705
-1	7.133955547	RLITVNPIV	0.873313828
-1	7.057942	VLMEAQQGI	0.874004514
-1	7.010108	QLFKYVPSA	0.874442975
-1	7	GMLFGAAGV	0.874536011
-1	7	VLYCVHQHI	0.874536011
-1	7	KVAELVWFL	0.874536011
-1	7	NQNDNEETV	0.874536011
-1	6.973819	FIVVATAAV	0.874777611
-1	6.915141	FLQEALNIA	0.875322408
-1	6.833317	WLLWPVTLA	0.876089872
-1	6.742829	FMMVLPGAA	0.876949375
-1	6.7	YIGEVLVSV	0.877360217
-1	6.66164	IMLEGETKL	0.877730426
-1	6.6076262	RLYDYFTRV	0.878255338
-1	6.58520963	VMLDWGIEL	0.878474445
-1	6.517742618	RLYPDAPPL	0.879138421
-1	6.458748	TMADLVYAL	0.879724674
-1	6.408264	FLLGLLVHV	0.88023062
-1	6.357537	MTPSPFYTV	0.880743033
-1	6.337498	RLEELLPAV	0.880946581
-1	6.264982	YLSEEMMEL	0.88168859
-1	6.194520415	GLYSSTVPV	0.88241785
-1	6.186232	TLSRHIFMA	0.882504178
-1	6.124787	FIISTLNKI	0.883147788
-1	6.053786315	KTWGQYWQV	0.883899579
-1	6.036418	AINGVMWTV	0.884084826
-1	6	LMQCWQLLA	0.884474989
-1	6	YLKKKNHPL	0.884474989
-1	6	FLLDYEGTL	0.884474989
-1	5.966479748	AMLAGTAVV	0.884836206
-1	5.909081	FLAGVPSAV	0.885459479
-1	5.858309501	LMQWWSDYV	0.886015856
-1	5.828476683	FLRFGDFKL	0.88634503
-1	5.8	KLFGSLAFV	0.886660817
-1	5.75949	YLFPGPVYV	0.887112727
-1	5.714839	KLLRNEWTL	0.887614529
-1	5.69478	YLLPGFVLT	0.887841236
-1	5.675595	TLLCVLAAL	0.888058813
-1	5.608406	ILFSYDELV	0.888826645
-1	5.594029	ALLDRDCRV	0.888992139
-1	5.554096506	TLFIGSHVV	0.889454045
-1	5.49451	YQVAYQATV	0.890149503
-1	5.448971	GLYCYFTHL	0.89068611
-1	5.417524	SLRNVLAAV	0.891059289
-1	5.4	YLYVHSPAL	0.891268186
-1	5.305935	SIVCIVAAV	0.892401215
-1	5.26316	YLVAYQATL	0.892923107
-1	5.234996	FLFPDTRAV	0.893269053
-1	5.2	ALWYFFPVL	0.893701522
-1	5.152219	FLFPDTRYV	0.894296705
-1	5.12041704	AMPGVLSYV	0.894695914
-1	5.116693073	SLNLTIVSV	0.894742823
-1	5.101656	YTINCLLYI	0.894932585
-1	5.018446	MLIEVILTA	0.89599288
-1	5.000421	LLATSIFKL	0.896224877
-1	5	FLYDRIAST	0.896230306
-1	5	ALHGSVEEL	0.896230306
-1	5	YFDDVTAFL	0.896230306
-1	4.966441942	SLVNGVVRL	0.896664501
-1	4.932424149	GMLECGFPT	0.897107649
-1	4.897930544	KLINTLFHA	0.897560127
-1	4.829539666	RLMRTNFLI	0.89846676
-1	4.781327405	MLFDQGTLV	0.899113642
-1	4.71769398	LLPGVAHSI	0.899977494
-1	4.709187319	FLTSVINRV	0.900093857
-1	4.69309	MMKTYIEFV	0.900314631
-1	4.628355215	LLMRTTWAL	0.901210177
-1	4.558176162	WLVHRQWFL	0.9021953
-1	4.5	LLFGYPVAV	0.903023503
-1	4.494549055	GILGFVFTL	0.903101651
-1	4.354784	AMDLVLAAV	0.905138461
-1	4.33333	YLMPGPVTA	0.905456888
-1	4.32246	DLAEWVPRV	0.905618826
-1	4.23108557	YLGPRVCWL	0.90699642
-1	4.155525	FMDGTMSQV	0.908158262
-1	4.099302	QLANAIFKL	0.909036554
-1	4.058782	VLTDFKTWL	0.909677042
-1	4.025356879	AAAWYLWEV	0.910210215
-1	4	SLYEKSGSV	0.910617651
-1	4	GLLEAGNSL	0.910617651
-1	4	SLKDVLVSV	0.910617651
-1	4	YMKPGSSPL	0.910617651
-1	4	YMYAVSGAL	0.910617651
-1	4	SMFERDFHF	0.910617651
-1	4	VLSPTIGHV	0.910617651
-1	3.948206	SLPSYAAYA	0.911457967
-1	3.857747	VVFLHVTYV	0.912952383
-1	3.825862366	GLYPAQIKA	0.913487496
-1	3.789072949	GLEAYIQGI	0.914110493
-1	3.741417	LIMIYFFII	0.914926561
-1	3.663162992	VILAGPMPV	0.916289412
-1	3.61839329	GLADAFILL	0.917082264
-1	3.504468	FLSLMSLSI	0.91914493
-1	3.491146	YLLMHLVSL	0.919390497
-1	3.427047	ELMMTTIGV	0.920585303
-1	3.377348767	YMPSVVETL	0.921527161
-1	3.35065	LLNPCLINV	0.922038883
-1	3.312029	SLDSLVHLL	0.922786374
-1	3.293935	YLGDEILEV	0.923139578
-1	3.286154	MLLAYLVRI	0.923292064
-1	3.230703	SISPIDWSV	0.92438932
-1	3.228986	LLFKTSVGV	0.924423595
-1	3.2	ATYGIIVPV	0.925004995
-1	3.131006	LQLGFSTGV	0.926410338
-1	3.084129	FLARLIWWL	0.927382959
-1	3.063344	FLLRSIIVA	0.927818954
-1	3.006132	KLTEAITAA	0.92903451
-1	3	MQIDGGEGV	0.929166164
-1	3	LLGTWMFSV	0.929166164
-1	3	AMGPTLIGL	0.929166164
-1	3	FAFKDLFVV	0.929166164
-1	3	YVYPDNLPV	0.929166164
-1	3	VLQQVSNGV	0.929166164
-1	3	VLSGYIASV	0.929166164
-1	3	AVGFFPTGV	0.929166164
-1	2.960059	FVASFRLFA	0.930030338
-1	2.931794418	FLPKAAYAL	0.930648953
-1	2.892828	FLAVFQSAT	0.931511644
-1	2.87506	KMIPLLFIL	0.931908881
-1	2.808505118	RLASLLTYA	0.933418979
-1	2.793218	AMFTTMYNI	0.933770889
-1	2.74572338	TLARGFPFV	0.934876633
-1	2.724701	FLGMESCGI	0.935372185
-1	2.705339229	RLARAIIEL	0.935831986
-1	2.695746	LMIIPLINV	0.936061026
-1	2.686409	ALAAIENYV	0.936284732
-1	2.663712005	YLFQWNDNV	0.936831791
-1	2.662616	FLGTSISGV	0.936858325
-1	2.6	FLYGALLLA	0.938392696
-1	2.536479	LLSCISVPV	0.939987474
-1	2.516844507	KLAEAIFKL	0.940488513
-1	2.480719	YILRGLLEA	0.941420671
-1	2.413016267	VLNPYMPSV	0.943204773
-1	2.4	VLLGVVFGV	0.943553509
-1	2.391091	FLLALLSCI	0.943793293
-1	2.318722	LLNILTIAV	0.945774863
-1	2.289843	SMFLMTATL	0.946582932
-1	2.267025143	KMIYDLNAV	0.947228643
-1	2.239499	ALAPVFAFL	0.948016297
-1	2.218733	FVVYNLTGV	0.948616945
-1	2.17722	FLDQVPFSV	0.949834729
-1	2.159337	NMISDTIFV	0.950366499
-1	2.146417	VLQAVGACV	0.950753437
-1	2.135570364	YLYETYHLI	0.951080082
-1	2.097452	IVAALVFLI	0.952241322
-1	2.080083823	FLIDLAFLI	0.952777443
-1	2.058915	WLMWFIISI	0.953436968
-1	2.027020145	YLLGDSDSV	0.954443585
-1	2.014117	FLLSGTAIA	0.954855322
-1	2	FLQGAKWYL	0.955308825
-1	2	LLIQGLKTV	0.955308825
-1	2	LLDEPTNHL	0.955308825
-1	2	KQWIVAGAI	0.955308825
-1	2	FLNPVIYTF	0.955308825
-1	2	FLHESDPMV	0.955308825
-1	2	FLFDRLTNG	0.955308825
-1	2	YMPDVLEKL	0.955308825
-1	2	GMVGAEFSL	0.955308825
-1	2	MLAESCDSV	0.955308825
-1	2	SIFERIREA	0.955308825
-1	2	WLGNHGFEV	0.955308825
-1	2	ILFQVPFSV	0.955308825
-1	2	KQMSQPYAV	0.955308825
-1	2	MQYEVTQHA	0.955308825
-1	2	RLIGHISTL	0.955308825
-1	2	KISNTTFEV	0.955308825
-1	1.99129	YLMKDKLNI	0.95559023
-1	1.94644	SISEINEWL	0.957059027
-1	1.906551	YLTAIQDFI	0.958394075
-1	1.894536474	KQLEYSWVL	0.958801668
-1	1.886318	IMAVGMVSI	0.959081971
-1	1.872595691	ILSPFLPLL	0.959552724
-1	1.854377473	FIALWIPDL	0.960183071
-1	1.817120593	VLIRRCHYL	0.961491663
-1	1.817120593	YTFTSLFSL	0.961491663
-1	1.79580152	LLDKQQFEL	0.962252587
-1	1.76396	TLLELVVSV	0.963406069
-1	1.74905	KLLPQLPGV	0.963953371
-1	1.732050808	FLYALALLL	0.964583082
-1	1.698426	GLVRLNAFL	0.965847078
-1	1.686865331	LLLPIAPEL	0.966287445
-1	1.679565	KLNVGDYFV	0.966567085
-1	1.638642541	FLYDISISL	0.968157486
-1	1.620182089	GLNDYLHSV	0.968887972
-1	1.596044	LLWTLVVLL	0.969855784
-1	1.587401052	QLAGYILTV	0.970205884
-1	1.570101	SLSHYFTLV	0.97091242
-1	1.521057	YLQQNWWTL	0.972958522
-1	1.499412	LLFNSLYPA	0.973882618
-1	1.485472	FTLNHVLAL	0.974484851
-1	1.481442166	FLARSALIL	0.974660001
-1	1.442965053	ILDDNLYKV	0.976356744
-1	1.433672906	SLLMWITQV	0.976773286
-1	1.420485128	YLPEVISTI	0.977369116
-1	1.395464	NLLTTPKFT	0.978514945
-1	1.377065	FAAAFFPAV	0.979370703
-1	1.365699	KVGSDVFAV	0.97990508
-1	1.357208808	FVFSTSFYL	0.98030716
-1	1.337312	ALTNAQFFV	0.981259378
-1	1.320167	ILMTHFFSI	0.982091333
-1	1.298831	ILDAHSLYL	0.983141876
-1	1.29365	KLFPRLPGI	0.983399582
-1	1.262264	YLLDDVLYT	0.984983154
-1	1.24531	LLAQFQHTV	0.985855023
-1	1.235756392	TLYAVATTV	0.986351567
-1	1.214113	CLMMILPAA	0.987490819
-1	1.194995	FLIRQLIRL	0.988514163
-1	1.191279	ILMHATYFL	0.988714972
-1	1.167673	QLWATLLSL	0.99000543
-1	1.132594	RQLLFVVEV	0.991972089
-1	1.118616	LLAENLPGL	0.992772772
-1	1.112257	YMNYYTTYI	0.993140344
-1	1.103959	FLWEVTPTV	0.993623169
-1	1.099706	FTLPVLTFV	0.993872041
-1	1.079120475	MLWMADVPL	0.995090409
-1	1.051502	YLLGLSAIM	0.996762053
-1	1.038127	KTSTLIFFV	0.997587439
-1	1.029740259	GLYPLAIPV	0.998110436
-1	1	MLWTMVFTV	1
-1	1	LLYDGSFAV	1
-1	1	YLNDFAQLL	1
-1	1	FLAFVVFLL	1
-1	1	HLDDVGFLV	1
-1	1	FMFNELLAL	1
-1	1	FLWLLWPVT	1
-1	1	KLFTIAMWL	1
-1	1	LMIERFVSL	1
-1	1	YLGTALMGA	1
-1	1	FLVPFVVFL	1
-1	1	ILNDEQLNL	1
-1	1	SLFDCIVPV	1
-1	1	GIYGAVIPL	1
-1	1	YLDFLLLLL	1
-1	1	FLSHHFTLV	1
-1	1	VLMIKALEL	1
-1	1	FLNWWIPGV	1
-1	1	FLHGGDFGV	1
-1	1	TMGPHPAGV	1
-1	1	IMSSFEFQV	1
-1	1	YLYALIYFL	1
-1	1	YLYDETQDV	1
-1	1	LLMEGLKLL	1
-1	1	FIISVISLV	1
-1	1	YLYPWSLGL	1
-1	1	FISSFLLPL	1
-1	1	FIYGYLEPV	1
-1	1	FIIDNFGSV	1
-1	1	YLSIYGFGV	1
-1	1	FIDSNEYEV	1
-1	1	FLAHLQWFA	1
-1	1	TLQDIVLHL	1
-1	1	KLYEGDLRV	1
-1	1	FIADIGIGV	1
-1	1	YLMDKLNLT	1
-1	1	LLDSGTTSI	1
-1	1	LLFDSNEPI	1
-1	1	YLIPAVTSL	1
-1	1	YMYQYIQEL	1
-1	1	FAAELTIGV	1
-1	1	MLNFSIYSV	1
-1	1	YLFGGFSTL	1
-1	1	FLEDLSYPA	1
-1	1	LLDAHIPQL	1
-1	1	MLLMLLPTA	1
-1	1	YLDAIQQPV	1
-1	1	FLHKRFTLV	1
-1	1	KQLEWKWGI	1
-1	1	MTFGDIPLV	1
-1	1	FLITGVFDI	1
-1	1	TLKDGDFIL	1
-1	1	FLLASVYSV	1
-1	1	FLLLTSIPI	1
-1	1	FLLPSLATV	1
-1	1	FLLVTLAIL	1
-1	1	VLAGWLFHV	1
-1	1	YQSFLFWFL	1
-1	1	YQTYVSPGA	1
-1	1	VLALYSPPL	1
-1	1	FLSHDFTLV	1
-1	1	FLSNGHVTI	1
-1	1	FLSYISDTV	1
-1	1	MLDDFSAGA	1
-1	1	VLAPYMPDV	1
-1	1	TLIDIWFLA	1
-1	1	KLMHLDVTL	1
-1	1	FMFDYIPPV	1
-1	1	MIFISSFLL	1
-1	1	FMTALVLSL	1
-1	1	FQWHEAMFL	1
-1	1	KLLPEGYWV	1
-1	1	RLFDFFSRV	1
-1	1	WLYPGAQNL	1
-1	1	FVDEFYAYL	1
-1	1	TLFDWGFAL	1
-1	1	WLGDGNFLL	1
-1	1	SMFYGIFPS	1
-1	1	SLFGAAVSL	1
-1	1	YTIERIFNA	1
-1	1	ALNHLVLSL	1
-1	1	GLFGGLNWI	1
-1	1	QLMCQPILL	1
-1	1	KLIEYSDFA	1
-1	1	VVPSYIPLV	1
-1	1	LMIFISSFL	1
-1	1	LMDSIFVST	1
-1	1	ALLQQTWTL	1
-1	1	GMANTTFHV	1
-1	1	GMSWITQGL	1
-1	1	ALLDLGWTI	1
-1	1	YVDIYAASV	1
-1	1	KLFYVYYNL	1
-1	1	TLAQSLIDV	1
-1	1	VLLTYFCFV	1
-1	1	ILFLWSFLV	1
-1	1	ILIDTSAWV	1
-1	1	ILIEGVFFA	1
-1	1	ALDEGLLPV	1
-1	1	ILPVIFLSI	1
-1	1	VMYAFTTPL	1
-1	1	RQIFIHYSV	1
-1	1	LLSAINFKI	1
-1	1	VLMLPVWFL	1
-1	1	LLNLLLWPL	1
-1	1	ITMGSLFFV	1
-1	1	VLSFCAFAV	1
-1	1	KIDYYIPYV	1
-1	1	LLLWPLYVL	1
